0.002  0  0  
0.006  0  0  
0.01  0  0  
0.014  0  0  
0.018  0  0  
0.022  0  0  
0.026  0  0  
0.03  0  0  
0.034  0  0  
0.038  0  0  
0.042  0  0  
0.046  0  0  
0.05  0  0  
0.054  0  0  
0.058  0  0  
0.062  0  0  
0.066  0  0  
0.07  0  0  
0.074  0  0  
0.078  0  0  
0.082  0  0  
0.086  0  0  
0.09  0  0  
0.094  0  0  
0.098  0  0  
0.102  0  0  
0.106  0  0  
0.11  0  0  
0.114  0  0  
0.118  0  0  
0.122  0  0  
0.126  0  0  
0.13  0  0  
0.134  0  0  
0.138  0  0  
0.142  0  0  
0.146  0  0  
0.15  0  0  
0.154  0  0  
0.158  0  0  
0.162  0  0  
0.166  0  0  
0.17  0  0  
0.174  0  0  
0.178  0  0  
0.182  0  0  
0.186  0  0  
0.19  0  0  
0.194  0  0  
0.198  0  0  
0.202  0  0  
0.206  0  0  
0.21  0  0  
0.214  0  0  
0.218  0  0  
0.222  0  0  
0.226  0  0  
0.23  0  0  
0.234  0  0  
0.238  0  0  
0.242  0  0  
0.246  0  0  
0.25  0  0  
0.254  0  0  
0.258  0  0  
0.262  0  0  
0.266  0  0  
0.27  0  0  
0.274  0  0  
0.278  0  0  
0.282  0  0  
0.286  0  0  
0.29  0  0  
0.294  0  0  
0.298  0  0  
0.302  0  0  
0.306  0  0  
0.31  0  0  
0.314  0  0  
0.318  0  0  
0.322  0  0  
0.326  0  0  
0.33  0  0  
0.334  0  0  
0.338  0  0  
0.342  0  0  
0.346  0  0  
0.35  0  0  
0.354  0  0  
0.358  0  0  
0.362  0  0  
0.366  0  0  
0.37  0  0  
0.374  0  0  
0.378  0  0  
0.382  0  0  
0.386  0  0  
0.39  0  0  
0.394  0  0  
0.398  0  0  
0.402  0  0  
0.406  0  0  
0.41  0  0  
0.414  0  0  
0.418  0  0  
0.422  0  0  
0.426  0  0  
0.43  0  0  
0.434  0  0  
0.438  0  0  
0.442  0  0  
0.446  0  0  
0.45  0  0  
0.454  0  0  
0.458  0  0  
0.462  0  0  
0.466  0  0  
0.47  0  0  
0.474  0  0  
0.478  0  0  
0.482  0  0  
0.486  0  0  
0.49  0  0  
0.494  0  0  
0.498  0  0  
0.502  0  0  
0.506  0  0  
0.51  0  0  
0.514  0  0  
0.518  0  0  
0.522  0  0  
0.526  0  0  
0.53  0  0  
0.534  0  0  
0.538  0  0  
0.542  0  0  
0.546  0  0  
0.55  0  0  
0.554  0  0  
0.558  0  0  
0.562  0  0  
0.566  0  0  
0.57  0  0  
0.574  0  0  
0.578  0  0  
0.582  0  0  
0.586  0  0  
0.59  0  0  
0.594  0  0  
0.598  0  0  
0.602  0  0  
0.606  0  0  
0.61  0  0  
0.614  0  0  
0.618  0  0  
0.622  0  0  
0.626  0  0  
0.63  0  0  
0.634  0  0  
0.638  0  0  
0.642  0  0  
0.646  0  0  
0.65  0  0  
0.654  0  0  
0.658  0  0  
0.662  0  0  
0.666  0  0  
0.67  0  0  
0.674  0  0  
0.678  0  0  
0.682  0  0  
0.686  0  0  
0.69  0  0  
0.694  0  0  
0.698  0  0  
0.702  0  0  
0.706  0  0  
0.71  0  0  
0.714  0  0  
0.718  0  0  
0.722  0  0  
0.726  0  0  
0.73  0  0  
0.734  0  0  
0.738  0  0  
0.742  0  0  
0.746  0  0  
0.75  0  0  
0.754  0  0  
0.758  0  0  
0.762  0  0  
0.766  0  0  
0.77  0  0  
0.774  0  0  
0.778  0  0  
0.782  0  0  
0.786  0  0  
0.79  0  0  
0.794  0  0  
0.798  0  0  
0.802  0  0  
0.806  0  0  
0.81  0  0  
0.814  0  0  
0.818  0  0  
0.822  0  0  
0.826  0  0  
0.83  0  0  
0.834  0  0  
0.838  0  0  
0.842  0  0  
0.846  0  0  
0.85  0  0  
0.854  0  0  
0.858  0  0  
0.862  0  0  
0.866  0  0  
0.87  0  0  
0.874  0  0  
0.878  0  0  
0.882  0  0  
0.886  0  0  
0.89  0  0  
0.894  0  0  
0.898  0  0  
0.902  0  0  
0.906  0  0  
0.91  0  0  
0.914  0  0  
0.918  0  0  
0.922  0  0  
0.926  0  0  
0.93  0  0  
0.934  0  0  
0.938  0  0  
0.942  0  0  
0.946  0  0  
0.95  0  0  
0.954  0  0  
0.958  0  0  
0.962  0  0  
0.966  0  0  
0.97  0  0  
0.974  0  0  
0.978  0  0  
0.982  0  0  
0.986  0  0  
0.99  0  0  
0.994  0  0  
0.998  0  0  
1.002  0  0  
1.006  0  0  
1.01  0  0  
1.014  0  0  
1.018  0  0  
1.022  0  0  
1.026  0  0  
1.03  0  0  
1.034  0  0  
1.038  0  0  
1.042  0  0  
1.046  0  0  
1.05  0  0  
1.054  0  0  
1.058  0  0  
1.062  0  0  
1.066  0  0  
1.07  0  0  
1.074  0  0  
1.078  0  0  
1.082  0  0  
1.086  0  0  
1.09  0  0  
1.094  0  0  
1.098  0  0  
1.102  0  0  
1.106  0  0  
1.11  0  0  
1.114  0  0  
1.118  0  0  
1.122  0  0  
1.126  0  0  
1.13  0  0  
1.134  0  0  
1.138  0  0  
1.142  0  0  
1.146  0  0  
1.15  0  0  
1.154  0  0  
1.158  0  0  
1.162  0  0  
1.166  0  0  
1.17  0  0  
1.174  0  0  
1.178  0  0  
1.182  0  0  
1.186  0  0  
1.19  0  0  
1.194  0  0  
1.198  0  0  
1.202  0  0  
1.206  0  0  
1.21  0  0  
1.214  0  0  
1.218  0  0  
1.222  0  0  
1.226  0  0  
1.23  0  0  
1.234  0  0  
1.238  0  0  
1.242  0  0  
1.246  0  0  
1.25  0  0  
1.254  0  0  
1.258  0  0  
1.262  0  0  
1.266  0  0  
1.27  0  0  
1.274  0  0  
1.278  0  0  
1.282  0  0  
1.286  0  0  
1.29  0  0  
1.294  0  0  
1.298  0  0  
1.302  0  0  
1.306  0  0  
1.31  0  0  
1.314  0  0  
1.318  0  0  
1.322  0  0  
1.326  0  0  
1.33  0  0  
1.334  0  0  
1.338  0  0  
1.342  0  0  
1.346  0  0  
1.35  0  0  
1.354  0  0  
1.358  0  0  
1.362  0  0  
1.366  0  0  
1.37  0  0  
1.374  0  0  
1.378  0  0  
1.382  0  0  
1.386  0  0  
1.39  0  0  
1.394  0  0  
1.398  0  0  
1.402  0  0  
1.406  0  0  
1.41  0  0  
1.414  0  0  
1.418  0  0  
1.422  0  0  
1.426  0  0  
1.43  0  0  
1.434  0  0  
1.438  0  0  
1.442  0  0  
1.446  0  0  
1.45  0  0  
1.454  0  0  
1.458  0  0  
1.462  0  0  
1.466  0  0  
1.47  0  0  
1.474  0  0  
1.478  0  0  
1.482  0  0  
1.486  0  0  
1.49  0  0  
1.494  0  0  
1.498  0  0  
1.502  0  0  
1.506  0  0  
1.51  0  0  
1.514  0  0  
1.518  0  0  
1.522  0  0  
1.526  0  0  
1.53  0  0  
1.534  0  0  
1.538  0  0  
1.542  0  0  
1.546  0  0  
1.55  0  0  
1.554  0  0  
1.558  0  0  
1.562  0  0  
1.566  0  0  
1.57  0  0  
1.574  0  0  
1.578  0  0  
1.582  0  0  
1.586  0  0  
1.59  0  0  
1.594  0  0  
1.598  0  0  
1.602  0  0  
1.606  0  0  
1.61  0  0  
1.614  0  0  
1.618  0  0  
1.622  0  0  
1.626  0  0  
1.63  0  0  
1.634  0  0  
1.638  0  0  
1.642  0  0  
1.646  0  0  
1.65  0  0  
1.654  0  0  
1.658  0  0  
1.662  0  0  
1.666  0  0  
1.67  0  0  
1.674  0  0  
1.678  0  0  
1.682  0  0  
1.686  0  0  
1.69  0  0  
1.694  0  0  
1.698  0  0  
1.702  0  0  
1.706  0  0  
1.71  0  0  
1.714  0  0  
1.718  0  0  
1.722  0  0  
1.726  0  0  
1.73  0  0  
1.734  0  0  
1.738  0  0  
1.742  0  0  
1.746  0  0  
1.75  0  0  
1.754  0  0  
1.758  0  0  
1.762  0  0  
1.766  0  0  
1.77  0  0  
1.774  0  0  
1.778  0  0  
1.782  0  0  
1.786  0  0  
1.79  0  0  
1.794  0  0  
1.798  0  0  
1.802  0  0  
1.806  0  0  
1.81  0  0  
1.814  0  0  
1.818  0  0  
1.822  0  0  
1.826  0  0  
1.83  0  0  
1.834  0  0  
1.838  0  0  
1.842  0  0  
1.846  0  0  
1.85  0  0  
1.854  0  0  
1.858  0  0  
1.862  0  0  
1.866  0  0  
1.87  0  0  
1.874  0  0  
1.878  0  0  
1.882  0  0  
1.886  0  0  
1.89  0  0  
1.894  0  0  
1.898  0  0  
1.902  0  0  
1.906  0  0  
1.91  0  0  
1.914  0  0  
1.918  0  0  
1.922  0  0  
1.926  0  0  
1.93  0  0  
1.934  0  0  
1.938  0  0  
1.942  0  0  
1.946  0  0  
1.95  0  0  
1.954  0  0  
1.958  0  0  
1.962  0  0  
1.966  0  0  
1.97  0  0  
1.974  0  0  
1.978  0  0  
1.982  0  0  
1.986  0  0  
1.99  0  0  
1.994  0  0  
1.998  0  0  
2.002  0  0  
2.006  0  0  
2.01  0  0  
2.014  0  0  
2.018  0  0  
2.022  0  0  
2.026  0  0  
2.03  0  0  
2.034  0  0  
2.038  0  0  
2.042  0  0  
2.046  0  0  
2.05  0  0  
2.054  0  0  
2.058  0  0  
2.062  0  0  
2.066  0  0  
2.07  0  0  
2.074  0  0  
2.078  0  0  
2.082  0  0  
2.086  0  0  
2.09  0  0  
2.094  0  0  
2.098  0  0  
2.102  0  0  
2.106  0  0  
2.11  0  0  
2.114  0  0  
2.118  0  0  
2.122  0  0  
2.126  0  0  
2.13  0  0  
2.134  0  0  
2.138  0  0  
2.142  0  0  
2.146  0  0  
2.15  0  0  
2.154  0  0  
2.158  0  0  
2.162  0  0  
2.166  0  0  
2.17  0  0  
2.174  0  0  
2.178  0  0  
2.182  0  0  
2.186  0  0  
2.19  0  0  
2.194  0  0  
2.198  0  0  
2.202  0  0  
2.206  0  0  
2.21  0  0  
2.214  0  0  
2.218  0  0  
2.222  0  0  
2.226  0  0  
2.23  0  0  
2.234  0  0  
2.238  0  0  
2.242  0  0  
2.246  0  0  
2.25  0  0  
2.254  0  0  
2.258  0  0  
2.262  0  0  
2.266  0  0  
2.27  0  0  
2.274  0  0  
2.278  0  0  
2.282  0  0  
2.286  0  0  
2.29  0  0  
2.294  0  0  
2.298  0  0  
2.302  0  0  
2.306  0  0  
2.31  0  0  
2.314  0  0  
2.318  0  0  
2.322  0  0  
2.326  0  0  
2.33  0  0  
2.334  0  0  
2.338  0  0  
2.342  0  0  
2.346  0  0  
2.35  0  0  
2.354  0  0  
2.358  0  0  
2.362  0  0  
2.366  0  0  
2.37  0  0  
2.374  0  0  
2.378  0  0  
2.382  0  0  
2.386  0  0  
2.39  0  0  
2.394  0  0  
2.398  0  0  
2.402  0  0  
2.406  0  0  
2.41  0  0  
2.414  0  0  
2.418  0  0  
2.422  0  0  
2.426  0  0  
2.43  0  0  
2.434  0  0  
2.438  0  0  
2.442  0  0  
2.446  0  0  
2.45  0  0  
2.454  0  0  
2.458  0  0  
2.462  0  0  
2.466  0  0  
2.47  0  0  
2.474  0  0  
2.478  0  0  
2.482  0  0  
2.486  0  0  
2.49  0  0  
2.494  0  0  
2.498  0  0  
2.502  0  0  
2.506  0  0  
2.51  0  0  
2.514  0  0  
2.518  0  0  
2.522  0  0  
2.526  0  0  
2.53  0  0  
2.534  0  0  
2.538  0  0  
2.542  0  0  
2.546  0  0  
2.55  0  0  
2.554  0  0  
2.558  0  0  
2.562  0  0  
2.566  0  0  
2.57  0  0  
2.574  0  0  
2.578  0  0  
2.582  0  0  
2.586  0  0  
2.59  0  0  
2.594  0  0  
2.598  0  0  
2.602  0  0  
2.606  0  0  
2.61  0  0  
2.614  0  0  
2.618  0  0  
2.622  0  0  
2.626  0  0  
2.63  0  0  
2.634  0  0  
2.638  0  0  
2.642  0  0  
2.646  0  0  
2.65  0  0  
2.654  0  0  
2.658  0  0  
2.662  0  0  
2.666  0  0  
2.67  0  0  
2.674  0  0  
2.678  0  0  
2.682  0  0  
2.686  0  0  
2.69  0  0  
2.694  0  0  
2.698  0  0  
2.702  0  0  
2.706  0  0  
2.71  0  0  
2.714  0  0  
2.718  0  0  
2.722  0  0  
2.726  0  0  
2.73  0  0  
2.734  0  0  
2.738  0  0  
2.742  0  0  
2.746  0  0  
2.75  0  0  
2.754  0  0  
2.758  0  0  
2.762  0  0  
2.766  0  0  
2.77  0  0  
2.774  0  0  
2.778  0  0  
2.782  0  0  
2.786  0  0  
2.79  0  0  
2.794  0  0  
2.798  0  0  
2.802  0  0  
2.806  0  0  
2.81  0  0  
2.814  0  0  
2.818  0  0  
2.822  0  0  
2.826  0  0  
2.83  0  0  
2.834  0  0  
2.838  0  0  
2.842  0  0  
2.846  0  0  
2.85  0  0  
2.854  0  0  
2.858  0  0  
2.862  0  0  
2.866  0  0  
2.87  0  0  
2.874  0  0  
2.878  0  0  
2.882  0  0  
2.886  0  0  
2.89  0  0  
2.894  0  0  
2.898  0  0  
2.902  0  0  
2.906  0  0  
2.91  0  0  
2.914  0  0  
2.918  0  0  
2.922  0  0  
2.926  0  0  
2.93  0  0  
2.934  0  0  
2.938  0  0  
2.942  0  0  
2.946  0  0  
2.95  0  0  
2.954  0  0  
2.958  0  0  
2.962  0  0  
2.966  0  0  
2.97  0  0  
2.974  0  0  
2.978  0  0  
2.982  0  0  
2.986  0  0  
2.99  0  0  
2.994  0  0  
2.998  0  0  
3.002  0  0  
3.006  0  0  
3.01  0  0  
3.014  0  0  
3.018  0  0  
3.022  0  0  
3.026  0  0  
3.03  0  0  
3.034  0  0  
3.038  0  0  
3.042  0  0  
3.046  0  0  
3.05  0  0  
3.054  0  0  
3.058  0  0  
3.062  0  0  
3.066  0  0  
3.07  0  0  
3.074  0  0  
3.078  0  0  
3.082  0  0  
3.086  0  0  
3.09  0  0  
3.094  0  0  
3.098  0  0  
3.102  0  0  
3.106  0  0  
3.11  0  0  
3.114  0  0  
3.118  0  0  
3.122  0  0  
3.126  0  0  
3.13  0  0  
3.134  0  0  
3.138  0  0  
3.142  0  0  
3.146  0  0  
3.15  0  0  
3.154  0  0  
3.158  0  0  
3.162  0  0  
3.166  0  0  
3.17  0  0  
3.174  0  0  
3.178  0  0  
3.182  0  0  
3.186  0  0  
3.19  0  0  
3.194  0  0  
3.198  0  0  
3.202  0  0  
3.206  0  0  
3.21  0  0  
3.214  0  0  
3.218  0  0  
3.222  0  0  
3.226  0  0  
3.23  0  0  
3.234  0  0  
3.238  0  0  
3.242  0  0  
3.246  0  0  
3.25  0  0  
3.254  0  0  
3.258  0  0  
3.262  0  0  
3.266  0  0  
3.27  0  0  
3.274  0  0  
3.278  0  0  
3.282  0  0  
3.286  0  0  
3.29  0  0  
3.294  0  0  
3.298  0  0  
3.302  0  0  
3.306  0  0  
3.31  0  0  
3.314  0  0  
3.318  0  0  
3.322  0  0  
3.326  0  0  
3.33  0  0  
3.334  0  0  
3.338  0  0  
3.342  0  0  
3.346  0  0  
3.35  0  0  
3.354  0  0  
3.358  0  0  
3.362  0  0  
3.366  0  0  
3.37  0  0  
3.374  0  0  
3.378  0  0  
3.382  0  0  
3.386  0  0  
3.39  0  0  
3.394  0  0  
3.398  0  0  
3.402  0  0  
3.406  0  0  
3.41  0  0  
3.414  0  0  
3.418  0  0  
3.422  0  0  
3.426  0  0  
3.43  0  0  
3.434  0  0  
3.438  0  0  
3.442  0  0  
3.446  0  0  
3.45  0  0  
3.454  0  0  
3.458  0  0  
3.462  0  0  
3.466  0  0  
3.47  0  0  
3.474  0  0  
3.478  0  0  
3.482  0  0  
3.486  0  0  
3.49  0  0  
3.494  0  0  
3.498  0  0  
3.502  0  0  
3.506  0  0  
3.51  0  0  
3.514  0  0  
3.518  0  0  
3.522  0  0  
3.526  0  0  
3.53  0  0  
3.534  0  0  
3.538  0  0  
3.542  0  0  
3.546  0  0  
3.55  0  0  
3.554  0  0  
3.558  0  0  
3.562  0  0  
3.566  0  0  
3.57  0  0  
3.574  0  0  
3.578  0  0  
3.582  0  0  
3.586  0  0  
3.59  0  0  
3.594  0  0  
3.598  0  0  
3.602  0  0  
3.606  0  0  
3.61  0  0  
3.614  0  0  
3.618  0  0  
3.622  0  0  
3.626  0  0  
3.63  0  0  
3.634  0  0  
3.638  0  0  
3.642  0  0  
3.646  0  0  
3.65  0  0  
3.654  0  0  
3.658  0  0  
3.662  0  0  
3.666  0  0  
3.67  0  0  
3.674  0  0  
3.678  0  0  
3.682  0  0  
3.686  0  0  
3.69  0  0  
3.694  0  0  
3.698  0  0  
3.702  0  0  
3.706  0  0  
3.71  0  0  
3.714  0  0  
3.718  0  0  
3.722  0  0  
3.726  0  0  
3.73  0  0  
3.734  0  0  
3.738  0  0  
3.742  0  0  
3.746  0  0  
3.75  0  0  
3.754  0  0  
3.758  0  0  
3.762  0  0  
3.766  0  0  
3.77  0  0  
3.774  0  0  
3.778  0  0  
3.782  0  0  
3.786  0  0  
3.79  0  0  
3.794  0  0  
3.798  0  0  
3.802  0  0  
3.806  0  0  
3.81  0  0  
3.814  0  0  
3.818  0  0  
3.822  0  0  
3.826  0  0  
3.83  0  0  
3.834  0  0  
3.838  0  0  
3.842  0  0  
3.846  0  0  
3.85  0  0  
3.854  0  0  
3.858  0  0  
3.862  0  0  
3.866  0  0  
3.87  0  0  
3.874  0  0  
3.878  0  0  
3.882  0  0  
3.886  0  0  
3.89  0  0  
3.894  0  0  
3.898  0  0  
3.902  0  0  
3.906  0  0  
3.91  0  0  
3.914  0  0  
3.918  0  0  
3.922  0  0  
3.926  0  0  
3.93  0  0  
3.934  0  0  
3.938  0  0  
3.942  0  0  
3.946  0  0  
3.95  0  0  
3.954  0  0  
3.958  0  0  
3.962  0  0  
3.966  0  0  
3.97  0  0  
3.974  0  0  
3.978  0  0  
3.982  0  0  
3.986  0  0  
3.99  0  0  
3.994  0  0  
3.998  0  0  
4.002  0  0  
4.006  0  0  
4.01  0  0  
4.014  0  0  
4.018  0  0  
4.022  0  0  
4.026  0  0  
4.03  0  0  
4.034  0  0  
4.038  0  0  
4.042  0  0  
4.046  0  0  
4.05  0  0  
4.054  0  0  
4.058  0  0  
4.062  0  0  
4.066  0  0  
4.07  0  0  
4.074  0  0  
4.078  0  0  
4.082  0  0  
4.086  0  0  
4.09  0  0  
4.094  0  0  
4.098  0  0  
4.102  0  0  
4.106  0  0  
4.11  0  0  
4.114  0  0  
4.118  0  0  
4.122  0  0  
4.126  0  0  
4.13  0  0  
4.134  0  0  
4.138  0  0  
4.142  0  0  
4.146  0  0  
4.15  0  0  
4.154  0  0  
4.158  0  0  
4.162  0  0  
4.166  0  0  
4.17  0  0  
4.174  0  0  
4.178  0  0  
4.182  0  0  
4.186  0  0  
4.19  0  0  
4.194  0  0  
4.198  0  0  
4.202  0  0  
4.206  0  0  
4.21  0  0  
4.214  0  0  
4.218  0  0  
4.222  0  0  
4.226  0  0  
4.23  0  0  
4.234  0  0  
4.238  0  0  
4.242  0  0  
4.246  0  0  
4.25  0  0  
4.254  0  0  
4.258  0  0  
4.262  0  0  
4.266  0  0  
4.27  0  0  
4.274  0  0  
4.278  0  0  
4.282  0  0  
4.286  0  0  
4.29  0  0  
4.294  0  0  
4.298  0  0  
4.302  0  0  
4.306  0  0  
4.31  0  0  
4.314  0  0  
4.318  0  0  
4.322  0  0  
4.326  0  0  
4.33  0  0  
4.334  0  0  
4.338  0  0  
4.342  0  0  
4.346  0  0  
4.35  0  0  
4.354  0  0  
4.358  0  0  
4.362  0  0  
4.366  0  0  
4.37  0  0  
4.374  0  0  
4.378  0  0  
4.382  0  0  
4.386  0  0  
4.39  0  0  
4.394  0  0  
4.398  0  0  
4.402  0  0  
4.406  0  0  
4.41  0  0  
4.414  0  0  
4.418  0  0  
4.422  0  0  
4.426  0  0  
4.43  0  0  
4.434  0  0  
4.438  0  0  
4.442  0  0  
4.446  0  0  
4.45  0  0  
4.454  0  0  
4.458  0  0  
4.462  0  0  
4.466  0  0  
4.47  0  0  
4.474  0  0  
4.478  0  0  
4.482  0  0  
4.486  0  0  
4.49  0  0  
4.494  0  0  
4.498  0  0  
4.502  0  0  
4.506  0  0  
4.51  0  0  
4.514  0  0  
4.518  0  0  
4.522  0  0  
4.526  0  0  
4.53  0  0  
4.534  0  0  
4.538  0  0  
4.542  0  0  
4.546  0  0  
4.55  0  0  
4.554  0  0  
4.558  0  0  
4.562  0  0  
4.566  0  0  
4.57  0  0  
4.574  0  0  
4.578  0  0  
4.582  0  0  
4.586  0  0  
4.59  0  0  
4.594  0  0  
4.598  0  0  
4.602  0  0  
4.606  0  0  
4.61  0  0  
4.614  0  0  
4.618  0  0  
4.622  0  0  
4.626  0  0  
4.63  0  0  
4.634  0  0  
4.638  0  0  
4.642  0  0  
4.646  0  0  
4.65  0  0  
4.654  0  0  
4.658  0  0  
4.662  0  0  
4.666  0  0  
4.67  0  0  
4.674  0  0  
4.678  0  0  
4.682  0  0  
4.686  0  0  
4.69  0  0  
4.694  0  0  
4.698  0  0  
4.702  0  0  
4.706  0  0  
4.71  0  0  
4.714  0  0  
4.718  0  0  
4.722  0  0  
4.726  0  0  
4.73  0  0  
4.734  0  0  
4.738  0  0  
4.742  0  0  
4.746  0  0  
4.75  0  0  
4.754  0  0  
4.758  0  0  
4.762  0  0  
4.766  0  0  
4.77  0  0  
4.774  0  0  
4.778  0  0  
4.782  0  0  
4.786  0  0  
4.79  0  0  
4.794  0  0  
4.798  0  0  
4.802  0  0  
4.806  0  0  
4.81  0  0  
4.814  0  0  
4.818  0  0  
4.822  0  0  
4.826  0  0  
4.83  0  0  
4.834  0  0  
4.838  0  0  
4.842  0  0  
4.846  0  0  
4.85  0  0  
4.854  0  0  
4.858  0  0  
4.862  0  0  
4.866  0  0  
4.87  0  0  
4.874  0  0  
4.878  0  0  
4.882  0  0  
4.886  0  0  
4.89  0  0  
4.894  0  0  
4.898  0  0  
4.902  0  0  
4.906  0  0  
4.91  0  0  
4.914  0  0  
4.918  0  0  
4.922  0  0  
4.926  0  0  
4.93  0  0  
4.934  0  0  
4.938  0  0  
4.942  0  0  
4.946  0  0  
4.95  0  0  
4.954  0  0  
4.958  0  0  
4.962  0  0  
4.966  0  0  
4.97  0  0  
4.974  0  0  
4.978  0  0  
4.982  0  0  
4.986  0  0  
4.99  0  0  
4.994  0  0  
4.998  0  0  
5.002  0  0  
5.006  0  0  
5.01  0  0  
5.014  0  0  
5.018  0  0  
5.022  0  0  
5.026  0  0  
5.03  0  0  
5.034  0  0  
5.038  0  0  
5.042  0  0  
5.046  0  0  
5.05  0  0  
5.054  0  0  
5.058  0  0  
5.062  0  0  
5.066  0  0  
5.07  0  0  
5.074  0  0  
5.078  0  0  
5.082  0  0  
5.086  0  0  
5.09  0  0  
5.094  0  0  
5.098  0  0  
5.102  0  0  
5.106  0  0  
5.11  0  0  
5.114  0  0  
5.118  0  0  
5.122  0  0  
5.126  0  0  
5.13  0  0  
5.134  0  0  
5.138  0  0  
5.142  0  0  
5.146  0  0  
5.15  0  0  
5.154  0  0  
5.158  0  0  
5.162  0  0  
5.166  0  0  
5.17  0  0  
5.174  0  0  
5.178  0  0  
5.182  0  0  
5.186  0  0  
5.19  0  0  
5.194  0  0  
5.198  0  0  
5.202  0  0  
5.206  0  0  
5.21  0  0  
5.214  0  0  
5.218  0  0  
5.222  0  0  
5.226  0  0  
5.23  0  0  
5.234  0  0  
5.238  0  0  
5.242  0  0  
5.246  0  0  
5.25  0  0  
5.254  0  0  
5.258  0  0  
5.262  0  0  
5.266  0  0  
5.27  0  0  
5.274  0  0  
5.278  0  0  
5.282  0  0  
5.286  0  0  
5.29  0  0  
5.294  0  0  
5.298  0  0  
5.302  0  0  
5.306  0  0  
5.31  0  0  
5.314  0  0  
5.318  0  0  
5.322  0  0  
5.326  0  0  
5.33  0  0  
5.334  0  0  
5.338  0  0  
5.342  0  0  
5.346  0  0  
5.35  0  0  
5.354  0  0  
5.358  0  0  
5.362  0  0  
5.366  0  0  
5.37  0  0  
5.374  0  0  
5.378  0  0  
5.382  0  0  
5.386  0  0  
5.39  0  0  
5.394  0  0  
5.398  0  0  
5.402  0  0  
5.406  0  0  
5.41  0  0  
5.414  0  0  
5.418  0  0  
5.422  0  0  
5.426  0  0  
5.43  0  0  
5.434  0  0  
5.438  0  0  
5.442  0  0  
5.446  0  0  
5.45  0  0  
5.454  0  0  
5.458  0  0  
5.462  0  0  
5.466  0  0  
5.47  0  0  
5.474  0  0  
5.478  0  0  
5.482  0  0  
5.486  0  0  
5.49  0  0  
5.494  0  0  
5.498  0  0  
5.502  0  0  
5.506  0  0  
5.51  0  0  
5.514  0  0  
5.518  0  0  
5.522  0  0  
5.526  0  0  
5.53  0  0  
5.534  0  0  
5.538  0  0  
5.542  0  0  
5.546  0  0  
5.55  0  0  
5.554  0  0  
5.558  0  0  
5.562  0  0  
5.566  0  0  
5.57  0  0  
5.574  0  0  
5.578  0  0  
5.582  0  0  
5.586  0  0  
5.59  0  0  
5.594  0  0  
5.598  0  0  
5.602  0  0  
5.606  0  0  
5.61  0  0  
5.614  0  0  
5.618  0  0  
5.622  0  0  
5.626  0  0  
5.63  0  0  
5.634  0  0  
5.638  0  0  
5.642  0  0  
5.646  0  0  
5.65  0  0  
5.654  0  0  
5.658  0  0  
5.662  0  0  
5.666  0  0  
5.67  0  0  
5.674  0  0  
5.678  0  0  
5.682  0  0  
5.686  0  0  
5.69  0  0  
5.694  0  0  
5.698  0  0  
5.702  0  0  
5.706  0  0  
5.71  0  0  
5.714  0  0  
5.718  0  0  
5.722  0  0  
5.726  0  0  
5.73  0  0  
5.734  0  0  
5.738  0  0  
5.742  0  0  
5.746  0  0  
5.75  0  0  
5.754  0  0  
5.758  0  0  
5.762  0  0  
5.766  0  0  
5.77  0  0  
5.774  0  0  
5.778  0  0  
5.782  0  0  
5.786  0  0  
5.79  0  0  
5.794  0  0  
5.798  0  0  
5.802  0  0  
5.806  0  0  
5.81  0  0  
5.814  0  0  
5.818  0  0  
5.822  0  0  
5.826  0  0  
5.83  0  0  
5.834  0  0  
5.838  0  0  
5.842  0  0  
5.846  0  0  
5.85  0  0  
5.854  0  0  
5.858  0  0  
5.862  0  0  
5.866  0  0  
5.87  0  0  
5.874  0  0  
5.878  0  0  
5.882  0  0  
5.886  0  0  
5.89  0  0  
5.894  0  0  
5.898  0  0  
5.902  0  0  
5.906  0  0  
5.91  0  0  
5.914  0  0  
5.918  0  0  
5.922  0  0  
5.926  0  0  
5.93  0  0  
5.934  0  0  
5.938  0  0  
5.942  0  0  
5.946  0  0  
5.95  0  0  
5.954  0  0  
5.958  0  0  
5.962  0  0  
5.966  0  0  
5.97  0  0  
5.974  0  0  
5.978  0  0  
5.982  0  0  
5.986  0  0  
5.99  0  0  
5.994  0  0  
5.998  0  0  
6.002  0  0  
6.006  0  0  
6.01  0  0  
6.014  0  0  
6.018  0  0  
6.022  0  0  
6.026  0  0  
6.03  0  0  
6.034  0  0  
6.038  0  0  
6.042  0  0  
6.046  0  0  
6.05  0  0  
6.054  0  0  
6.058  0  0  
6.062  0  0  
6.066  0  0  
6.07  0  0  
6.074  0  0  
6.078  0  0  
6.082  0  0  
6.086  0  0  
6.09  0  0  
6.094  0  0  
6.098  0  0  
6.102  0  0  
6.106  0  0  
6.11  0  0  
6.114  0  0  
6.118  0  0  
6.122  0  0  
6.126  0  0  
6.13  0  0  
6.134  0  0  
6.138  0  0  
6.142  0  0  
6.146  0  0  
6.15  0  0  
6.154  0  0  
6.158  0  0  
6.162  0  0  
6.166  0  0  
6.17  0  0  
6.174  0  0  
6.178  0  0  
6.182  0  0  
6.186  0  0  
6.19  0  0  
6.194  0  0  
6.198  0  0  
6.202  0  0  
6.206  0  0  
6.21  0  0  
6.214  0  0  
6.218  0  0  
6.222  0  0  
6.226  0  0  
6.23  0  0  
6.234  0  0  
6.238  0  0  
6.242  0  0  
6.246  0  0  
6.25  0  0  
6.254  0  0  
6.258  0  0  
6.262  0  0  
6.266  0  0  
6.27  0  0  
6.274  0  0  
6.278  0  0  
6.282  0  0  
6.286  0  0  
6.29  0  0  
6.294  0  0  
6.298  0  0  
6.302  0  0  
6.306  0  0  
6.31  0  0  
6.314  0  0  
6.318  0  0  
6.322  0  0  
6.326  0  0  
6.33  0  0  
6.334  0  0  
6.338  0  0  
6.342  0  0  
6.346  0  0  
6.35  0  0  
6.354  0  0  
6.358  0  0  
6.362  0  0  
6.366  0  0  
6.37  0  0  
6.374  0  0  
6.378  0  0  
6.382  0  0  
6.386  0  0  
6.39  0  0  
6.394  0  0  
6.398  0  0  
6.402  0  0  
6.406  0  0  
6.41  0  0  
6.414  0  0  
6.418  0  0  
6.422  0  0  
6.426  0  0  
6.43  0  0  
6.434  0  0  
6.438  0  0  
6.442  0  0  
6.446  0  0  
6.45  0  0  
6.454  0  0  
6.458  0  0  
6.462  0  0  
6.466  0  0  
6.47  0  0  
6.474  0  0  
6.478  0  0  
6.482  0  0  
6.486  0  0  
6.49  0  0  
6.494  0  0  
6.498  0  0  
6.502  0  0  
6.506  0  0  
6.51  0  0  
6.514  0  0  
6.518  0  0  
6.522  0  0  
6.526  0  0  
6.53  0  0  
6.534  0  0  
6.538  0  0  
6.542  0  0  
6.546  0  0  
6.55  0  0  
6.554  0  0  
6.558  0  0  
6.562  0  0  
6.566  0  0  
6.57  0  0  
6.574  0  0  
6.578  0  0  
6.582  0  0  
6.586  0  0  
6.59  0  0  
6.594  0  0  
6.598  0  0  
6.602  0  0  
6.606  0  0  
6.61  0  0  
6.614  0  0  
6.618  0  0  
6.622  0  0  
6.626  0  0  
6.63  0  0  
6.634  0  0  
6.638  0  0  
6.642  0  0  
6.646  0  0  
6.65  0  0  
6.654  0  0  
6.658  0  0  
6.662  0  0  
6.666  0  0  
6.67  0  0  
6.674  0  0  
6.678  0  0  
6.682  0  0  
6.686  0  0  
6.69  0  0  
6.694  0  0  
6.698  0  0  
6.702  0  0  
6.706  0  0  
6.71  0  0  
6.714  0  0  
6.718  0  0  
6.722  0  0  
6.726  0  0  
6.73  0  0  
6.734  0  0  
6.738  0  0  
6.742  0  0  
6.746  0  0  
6.75  0  0  
6.754  0  0  
6.758  0  0  
6.762  0  0  
6.766  0  0  
6.77  0  0  
6.774  0  0  
6.778  0  0  
6.782  0  0  
6.786  0  0  
6.79  0  0  
6.794  0  0  
6.798  0  0  
6.802  0  0  
6.806  0  0  
6.81  0  0  
6.814  0  0  
6.818  0  0  
6.822  0  0  
6.826  0  0  
6.83  0  0  
6.834  0  0  
6.838  0  0  
6.842  0  0  
6.846  0  0  
6.85  0  0  
6.854  0  0  
6.858  0  0  
6.862  0  0  
6.866  0  0  
6.87  0  0  
6.874  0  0  
6.878  0  0  
6.882  0  0  
6.886  0  0  
6.89  0  0  
6.894  0  0  
6.898  0  0  
6.902  0  0  
6.906  0  0  
6.91  0  0  
6.914  0  0  
6.918  0  0  
6.922  0  0  
6.926  0  0  
6.93  0  0  
6.934  0  0  
6.938  0  0  
6.942  0  0  
6.946  0  0  
6.95  0  0  
6.954  0  0  
6.958  0  0  
6.962  0  0  
6.966  0  0  
6.97  0  0  
6.974  0  0  
6.978  0  0  
6.982  0  0  
6.986  0  0  
6.99  0  0  
6.994  0  0  
6.998  0  0  
7.002  0  0  
7.006  0  0  
7.01  0  0  
7.014  0  0  
7.018  0  0  
7.022  0  0  
7.026  0  0  
7.03  0  0  
7.034  0  0  
7.038  0  0  
7.042  0  0  
7.046  0  0  
7.05  0  0  
7.054  0  0  
7.058  0  0  
7.062  0  0  
7.066  0  0  
7.07  0  0  
7.074  0  0  
7.078  0  0  
7.082  0  0  
7.086  0  0  
7.09  0  0  
7.094  0  0  
7.098  0  0  
7.102  0  0  
7.106  0  0  
7.11  0  0  
7.114  0  0  
7.118  0  0  
7.122  0  0  
7.126  0  0  
7.13  0  0  
7.134  0  0  
7.138  0  0  
7.142  0  0  
7.146  0  0  
7.15  0  0  
7.154  0  0  
7.158  0  0  
7.162  0  0  
7.166  0  0  
7.17  0  0  
7.174  0  0  
7.178  0  0  
7.182  0  0  
7.186  0  0  
7.19  0  0  
7.194  0  0  
7.198  0  0  
7.202  0  0  
7.206  0  0  
7.21  0  0  
7.214  0  0  
7.218  0  0  
7.222  0  0  
7.226  0  0  
7.23  0  0  
7.234  0  0  
7.238  0  0  
7.242  0  0  
7.246  0  0  
7.25  0  0  
7.254  0  0  
7.258  0  0  
7.262  0  0  
7.266  0  0  
7.27  0  0  
7.274  0  0  
7.278  0  0  
7.282  0  0  
7.286  0  0  
7.29  0  0  
7.294  0  0  
7.298  0  0  
7.302  0  0  
7.306  0  0  
7.31  0  0  
7.314  0  0  
7.318  0  0  
7.322  0  0  
7.326  0  0  
7.33  0  0  
7.334  0  0  
7.338  0  0  
7.342  0  0  
7.346  0  0  
7.35  0  0  
7.354  0  0  
7.358  0  0  
7.362  0  0  
7.366  0  0  
7.37  0  0  
7.374  0  0  
7.378  0  0  
7.382  0  0  
7.386  0  0  
7.39  0  0  
7.394  0  0  
7.398  0  0  
7.402  0  0  
7.406  0  0  
7.41  0  0  
7.414  0  0  
7.418  0  0  
7.422  0  0  
7.426  0  0  
7.43  0  0  
7.434  0  0  
7.438  0  0  
7.442  0  0  
7.446  0  0  
7.45  0  0  
7.454  0  0  
7.458  0  0  
7.462  0  0  
7.466  0  0  
7.47  0  0  
7.474  0  0  
7.478  0  0  
7.482  0  0  
7.486  0  0  
7.49  0  0  
7.494  0  0  
7.498  0  0  
7.502  0  0  
7.506  0  0  
7.51  0  0  
7.514  0  0  
7.518  0  0  
7.522  0  0  
7.526  0  0  
7.53  0  0  
7.534  0  0  
7.538  0  0  
7.542  0  0  
7.546  0  0  
7.55  0  0  
7.554  0  0  
7.558  0  0  
7.562  0  0  
7.566  0  0  
7.57  0  0  
7.574  0  0  
7.578  0  0  
7.582  0  0  
7.586  0  0  
7.59  0  0  
7.594  0  0  
7.598  0  0  
7.602  0  0  
7.606  0  0  
7.61  0  0  
7.614  0  0  
7.618  0  0  
7.622  0  0  
7.626  0  0  
7.63  0  0  
7.634  0  0  
7.638  0  0  
7.642  0  0  
7.646  0  0  
7.65  0  0  
7.654  0  0  
7.658  0  0  
7.662  0  0  
7.666  0  0  
7.67  0  0  
7.674  0  0  
7.678  0  0  
7.682  0  0  
7.686  0  0  
7.69  0  0  
7.694  0  0  
7.698  0  0  
7.702  0  0  
7.706  0  0  
7.71  0  0  
7.714  0  0  
7.718  0  0  
7.722  0  0  
7.726  0  0  
7.73  0  0  
7.734  0  0  
7.738  0  0  
7.742  0  0  
7.746  0  0  
7.75  0  0  
7.754  0  0  
7.758  0  0  
7.762  0  0  
7.766  0  0  
7.77  0  0  
7.774  0  0  
7.778  0  0  
7.782  0  0  
7.786  0  0  
7.79  0  0  
7.794  0  0  
7.798  0  0  
7.802  0  0  
7.806  0  0  
7.81  0  0  
7.814  0  0  
7.818  0  0  
7.822  0  0  
7.826  0  0  
7.83  0  0  
7.834  0  0  
7.838  0  0  
7.842  0  0  
7.846  0  0  
7.85  0  0  
7.854  0  0  
7.858  0  0  
7.862  0  0  
7.866  0  0  
7.87  0  0  
7.874  0  0  
7.878  0  0  
7.882  0  0  
7.886  0  0  
7.89  0  0  
7.894  0  0  
7.898  0  0  
7.902  0  0  
7.906  0  0  
7.91  0  0  
7.914  0  0  
7.918  0  0  
7.922  0  0  
7.926  0  0  
7.93  0  0  
7.934  0  0  
7.938  0  0  
7.942  0  0  
7.946  0  0  
7.95  0  0  
7.954  0  0  
7.958  0  0  
7.962  0  0  
7.966  0  0  
7.97  0  0  
7.974  0  0  
7.978  0  0  
7.982  0  0  
7.986  0  0  
7.99  0  0  
7.994  0  0  
7.998  0  0  
8.002  0  0  
8.006  0  0  
8.01  0  0  
8.014  0  0  
8.018  0  0  
8.022  0  0  
8.026  0  0  
8.03  0  0  
8.034  0  0  
8.038  0  0  
8.042  0  0  
8.046  0  0  
8.05  0  0  
8.054  0  0  
8.058  0  0  
8.062  0  0  
8.066  0  0  
8.07  0  0  
8.074  0  0  
8.078  0  0  
8.082  0  0  
8.086  0  0  
8.09  0  0  
8.094  0  0  
8.098  0  0  
8.102  0  0  
8.106  0  0  
8.11  0  0  
8.114  0  0  
8.118  0  0  
8.122  0  0  
8.126  0  0  
8.13  0  0  
8.134  0  0  
8.138  0  0  
8.142  0  0  
8.146  0  0  
8.15  0  0  
8.154  0  0  
8.158  0  0  
8.162  0  0  
8.166  0  0  
8.17  0  0  
8.174  0  0  
8.178  0  0  
8.182  0  0  
8.186  0  0  
8.19  0  0  
8.194  0  0  
8.198  0  0  
8.202  0  0  
8.206  0  0  
8.21  0  0  
8.214  0  0  
8.218  0  0  
8.222  0  0  
8.226  0  0  
8.23  0  0  
8.234  0  0  
8.238  0  0  
8.242  0  0  
8.246  0  0  
8.25  0  0  
8.254  0  0  
8.258  0  0  
8.262  0  0  
8.266  0  0  
8.27  0  0  
8.274  0  0  
8.278  0  0  
8.282  0  0  
8.286  0  0  
8.29  0  0  
8.294  0  0  
8.298  0  0  
8.302  0  0  
8.306  0  0  
8.31  0  0  
8.314  0  0  
8.318  0  0  
8.322  0  0  
8.326  0  0  
8.33  0  0  
8.334  0  0  
8.338  0  0  
8.342  0  0  
8.346  0  0  
8.35  0  0  
8.354  0  0  
8.358  0  0  
8.362  0  0  
8.366  0  0  
8.37  0  0  
8.374  0  0  
8.378  0  0  
8.382  0  0  
8.386  0  0  
8.39  0  0  
8.394  0  0  
8.398  0  0  
8.402  0  0  
8.406  0  0  
8.41  0  0  
8.414  0  0  
8.418  0  0  
8.422  0  0  
8.426  0  0  
8.43  0  0  
8.434  0  0  
8.438  0  0  
8.442  0  0  
8.446  0  0  
8.45  0  0  
8.454  0  0  
8.458  0  0  
8.462  0  0  
8.466  0  0  
8.47  0  0  
8.474  0  0  
8.478  0  0  
8.482  0  0  
8.486  0  0  
8.49  0  0  
8.494  0  0  
8.498  0  0  
8.502  0  0  
8.506  0  0  
8.51  0  0  
8.514  0  0  
8.518  0  0  
8.522  0  0  
8.526  0  0  
8.53  0  0  
8.534  0  0  
8.538  0  0  
8.542  0  0  
8.546  0  0  
8.55  0  0  
8.554  0  0  
8.558  0  0  
8.562  0  0  
8.566  0  0  
8.57  0  0  
8.574  0  0  
8.578  0  0  
8.582  0  0  
8.586  0  0  
8.59  0  0  
8.594  0  0  
8.598  0  0  
8.602  0  0  
8.606  0  0  
8.61  0  0  
8.614  0  0  
8.618  0  0  
8.622  0  0  
8.626  0  0  
8.63  0  0  
8.634  0  0  
8.638  0  0  
8.642  0  0  
8.646  0  0  
8.65  0  0  
8.654  0  0  
8.658  0  0  
8.662  0  0  
8.666  0  0  
8.67  0  0  
8.674  0  0  
8.678  0  0  
8.682  0  0  
8.686  0  0  
8.69  0  0  
8.694  0  0  
8.698  0  0  
8.702  0  0  
8.706  0  0  
8.71  0  0  
8.714  0  0  
8.718  0  0  
8.722  0  0  
8.726  0  0  
8.73  0  0  
8.734  0  0  
8.738  0  0  
8.742  0  0  
8.746  0  0  
8.75  0  0  
8.754  0  0  
8.758  0  0  
8.762  0  0  
8.766  0  0  
8.77  0  0  
8.774  0  0  
8.778  0  0  
8.782  0  0  
8.786  0  0  
8.79  0  0  
8.794  0  0  
8.798  0  0  
8.802  0  0  
8.806  0  0  
8.81  0  0  
8.814  0  0  
8.818  0  0  
8.822  0  0  
8.826  0  0  
8.83  0  0  
8.834  0  0  
8.838  0  0  
8.842  0  0  
8.846  0  0  
8.85  0  0  
8.854  0  0  
8.858  0  0  
8.862  0  0  
8.866  0  0  
8.87  0  0  
8.874  0  0  
8.878  0  0  
8.882  0  0  
8.886  0  0  
8.89  0  0  
8.894  0  0  
8.898  0  0  
8.902  0  0  
8.906  0  0  
8.91  0  0  
8.914  0  0  
8.918  0  0  
8.922  0  0  
8.926  0  0  
8.93  0  0  
8.934  0  0  
8.938  0  0  
8.942  0  0  
8.946  0  0  
8.95  0  0  
8.954  0  0  
8.958  0  0  
8.962  0  0  
8.966  0  0  
8.97  0  0  
8.974  0  0  
8.978  0  0  
8.982  0  0  
8.986  0  0  
8.99  0  0  
8.994  0  0  
8.998  0  0  
9.002  0  0  
9.006  0  0  
9.01  0  0  
9.014  0  0  
9.018  0  0  
9.022  0  0  
9.026  0  0  
9.03  0  0  
9.034  0  0  
9.038  0  0  
9.042  0  0  
9.046  0  0  
9.05  0  0  
9.054  0  0  
9.058  0  0  
9.062  0  0  
9.066  0  0  
9.07  0  0  
9.074  0  0  
9.078  0  0  
9.082  0  0  
9.086  0  0  
9.09  0  0  
9.094  0  0  
9.098  0  0  
9.102  0  0  
9.106  0  0  
9.11  0  0  
9.114  0  0  
9.118  0  0  
9.122  0  0  
9.126  0  0  
9.13  0  0  
9.134  0  0  
9.138  0  0  
9.142  0  0  
9.146  0  0  
9.15  0  0  
9.154  0  0  
9.158  0  0  
9.162  0  0  
9.166  0  0  
9.17  0  0  
9.174  0  0  
9.178  0  0  
9.182  0  0  
9.186  0  0  
9.19  0  0  
9.194  0  0  
9.198  0  0  
9.202  0  0  
9.206  0  0  
9.21  0  0  
9.214  0  0  
9.218  0  0  
9.222  0  0  
9.226  0  0  
9.23  0  0  
9.234  0  0  
9.238  0  0  
9.242  0  0  
9.246  0  0  
9.25  0  0  
9.254  0  0  
9.258  0  0  
9.262  0  0  
9.266  0  0  
9.27  0  0  
9.274  0  0  
9.278  0  0  
9.282  0  0  
9.286  0  0  
9.29  0  0  
9.294  0  0  
9.298  0  0  
9.302  0  0  
9.306  0  0  
9.31  0  0  
9.314  0  0  
9.318  0  0  
9.322  0  0  
9.326  0  0  
9.33  0  0  
9.334  0  0  
9.338  0  0  
9.342  0  0  
9.346  0  0  
9.35  0  0  
9.354  0  0  
9.358  0  0  
9.362  0  0  
9.366  0  0  
9.37  0  0  
9.374  0  0  
9.378  0  0  
9.382  0  0  
9.386  0  0  
9.39  0  0  
9.394  0  0  
9.398  0  0  
9.402  0  0  
9.406  0  0  
9.41  0  0  
9.414  0  0  
9.418  0  0  
9.422  0  0  
9.426  0  0  
9.43  0  0  
9.434  0  0  
9.438  0  0  
9.442  0  0  
9.446  0  0  
9.45  0  0  
9.454  0  0  
9.458  0  0  
9.462  0  0  
9.466  0  0  
9.47  0  0  
9.474  0  0  
9.478  0  0  
9.482  0  0  
9.486  0  0  
9.49  0  0  
9.494  0  0  
9.498  0  0  
9.502  0  0  
9.506  0  0  
9.51  0  0  
9.514  0  0  
9.518  0  0  
9.522  0  0  
9.526  0  0  
9.53  0  0  
9.534  0  0  
9.538  0  0  
9.542  0  0  
9.546  0  0  
9.55  0  0  
9.554  0  0  
9.558  0  0  
9.562  0  0  
9.566  0  0  
9.57  0  0  
9.574  0  0  
9.578  0  0  
9.582  0  0  
9.586  0  0  
9.59  0  0  
9.594  0  0  
9.598  0  0  
9.602  0  0  
9.606  0  0  
9.61  0  0  
9.614  0  0  
9.618  0  0  
9.622  0  0  
9.626  0  0  
9.63  0  0  
9.634  0  0  
9.638  0  0  
9.642  0  0  
9.646  0  0  
9.65  0  0  
9.654  0  0  
9.658  0  0  
9.662  0  0  
9.666  0  0  
9.67  0  0  
9.674  0  0  
9.678  0  0  
9.682  0  0  
9.686  0  0  
9.69  0  0  
9.694  0  0  
9.698  0  0  
9.702  0  0  
9.706  0  0  
9.71  0  0  
9.714  0  0  
9.718  0  0  
9.722  0  0  
9.726  0  0  
9.73  0  0  
9.734  0  0  
9.738  0  0  
9.742  0  0  
9.746  0  0  
9.75  0  0  
9.754  0  0  
9.758  0  0  
9.762  0  0  
9.766  0  0  
9.77  0  0  
9.774  0  0  
9.778  0  0  
9.782  0  0  
9.786  0  0  
9.79  0  0  
9.794  0  0  
9.798  0  0  
9.802  0  0  
9.806  0  0  
9.81  0  0  
9.814  0  0  
9.818  0  0  
9.822  0  0  
9.826  0  0  
9.83  0  0  
9.834  0  0  
9.838  0  0  
9.842  0  0  
9.846  0  0  
9.85  0  0  
9.854  0  0  
9.858  0  0  
9.862  0  0  
9.866  0  0  
9.87  0  0  
9.874  0  0  
9.878  0  0  
9.882  0  0  
9.886  0  0  
9.89  0  0  
9.894  0  0  
9.898  0  0  
9.902  0  0  
9.906  0  0  
9.91  0  0  
9.914  0  0  
9.918  0  0  
9.922  0  0  
9.926  0  0  
9.93  0  0  
9.934  0  0  
9.938  0  0  
9.942  0  0  
9.946  0  0  
9.95  0  0  
9.954  0  0  
9.958  0  0  
9.962  0  0  
9.966  0  0  
9.97  0  0  
9.974  0  0  
9.978  0  0  
9.982  0  0  
9.986  0  0  
9.99  0  0  
9.994  0  0  
9.998  0  0  
10.002  0  0  
10.006  0  0  
10.01  0  0  
10.014  0  0  
10.018  0  0  
10.022  0  0  
10.026  0  0  
10.03  0  0  
10.034  0  0  
10.038  0  0  
10.042  0  0  
10.046  0  0  
10.05  0  0  
10.054  0  0  
10.058  0  0  
10.062  0  0  
10.066  0  0  
10.07  0  0  
10.074  0  0  
10.078  0  0  
10.082  0  0  
10.086  0  0  
10.09  0  0  
10.094  0  0  
10.098  0  0  
10.102  0  0  
10.106  0  0  
10.11  0  0  
10.114  0  0  
10.118  0  0  
10.122  0  0  
10.126  0  0  
10.13  0  0  
10.134  0  0  
10.138  0  0  
10.142  0  0  
10.146  0  0  
10.15  0  0  
10.154  0  0  
10.158  0  0  
10.162  0  0  
10.166  0  0  
10.17  0  0  
10.174  0  0  
10.178  0  0  
10.182  0  0  
10.186  0  0  
10.19  0  0  
10.194  0  0  
10.198  0  0  
10.202  0  0  
10.206  0  0  
10.21  0  0  
10.214  0  0  
10.218  0  0  
10.222  0  0  
10.226  0  0  
10.23  0  0  
10.234  0  0  
10.238  0  0  
10.242  0  0  
10.246  0  0  
10.25  0  0  
10.254  0  0  
10.258  0  0  
10.262  0  0  
10.266  0  0  
10.27  0  0  
10.274  0  0  
10.278  0  0  
10.282  0  0  
10.286  0  0  
10.29  0  0  
10.294  0  0  
10.298  0  0  
10.302  0  0  
10.306  0  0  
10.31  0  0  
10.314  0  0  
10.318  0  0  
10.322  0  0  
10.326  0  0  
10.33  0  0  
10.334  0  0  
10.338  0  0  
10.342  0  0  
10.346  0  0  
10.35  0  0  
10.354  0  0  
10.358  0  0  
10.362  0  0  
10.366  0  0  
10.37  0  0  
10.374  0  0  
10.378  0  0  
10.382  0  0  
10.386  0  0  
10.39  0  0  
10.394  0  0  
10.398  0  0  
10.402  0  0  
10.406  0  0  
10.41  0  0  
10.414  0  0  
10.418  0  0  
10.422  0  0  
10.426  0  0  
10.43  0  0  
10.434  0  0  
10.438  0  0  
10.442  0  0  
10.446  0  0  
10.45  0  0  
10.454  0  0  
10.458  0  0  
10.462  0  0  
10.466  0  0  
10.47  0  0  
10.474  0  0  
10.478  0  0  
10.482  0  0  
10.486  0  0  
10.49  0  0  
10.494  0  0  
10.498  0  0  
10.502  0  0  
10.506  0  0  
10.51  0  0  
10.514  0  0  
10.518  0  0  
10.522  0  0  
10.526  0  0  
10.53  0  0  
10.534  0  0  
10.538  0  0  
10.542  0  0  
10.546  0  0  
10.55  0  0  
10.554  0  0  
10.558  0  0  
10.562  0  0  
10.566  0  0  
10.57  0  0  
10.574  0  0  
10.578  0  0  
10.582  0  0  
10.586  0  0  
10.59  0  0  
10.594  0  0  
10.598  0  0  
10.602  0  0  
10.606  0  0  
10.61  0  0  
10.614  0  0  
10.618  0  0  
10.622  0  0  
10.626  0  0  
10.63  0  0  
10.634  0  0  
10.638  0  0  
10.642  0  0  
10.646  0  0  
10.65  0  0  
10.654  0  0  
10.658  0  0  
10.662  0  0  
10.666  0  0  
10.67  0  0  
10.674  0  0  
10.678  0  0  
10.682  0  0  
10.686  0  0  
10.69  0  0  
10.694  0  0  
10.698  0  0  
10.702  0  0  
10.706  0  0  
10.71  0  0  
10.714  0  0  
10.718  0  0  
10.722  0  0  
10.726  0  0  
10.73  0  0  
10.734  0  0  
10.738  0  0  
10.742  0  0  
10.746  0  0  
10.75  0  0  
10.754  0  0  
10.758  0  0  
10.762  0  0  
10.766  0  0  
10.77  0  0  
10.774  0  0  
10.778  0  0  
10.782  0  0  
10.786  0  0  
10.79  0  0  
10.794  0  0  
10.798  0  0  
10.802  0  0  
10.806  0  0  
10.81  0  0  
10.814  0  0  
10.818  0  0  
10.822  0  0  
10.826  0  0  
10.83  0  0  
10.834  0  0  
10.838  0  0  
10.842  0  0  
10.846  0  0  
10.85  0  0  
10.854  0  0  
10.858  0  0  
10.862  0  0  
10.866  0  0  
10.87  0  0  
10.874  0  0  
10.878  0  0  
10.882  0  0  
10.886  0  0  
10.89  0  0  
10.894  0  0  
10.898  0  0  
10.902  0  0  
10.906  0  0  
10.91  0  0  
10.914  0  0  
10.918  0  0  
10.922  0  0  
10.926  0  0  
10.93  0  0  
10.934  0  0  
10.938  0  0  
10.942  0  0  
10.946  0  0  
10.95  0  0  
10.954  0  0  
10.958  0  0  
10.962  0  0  
10.966  0  0  
10.97  0  0  
10.974  0  0  
10.978  0  0  
10.982  0  0  
10.986  0  0  
10.99  0  0  
10.994  0  0  
10.998  0  0  
11.002  0  0  
11.006  0  0  
11.01  0  0  
11.014  0  0  
11.018  0  0  
11.022  0  0  
11.026  0  0  
11.03  0  0  
11.034  0  0  
11.038  0  0  
11.042  0  0  
11.046  0  0  
11.05  0  0  
11.054  0  0  
11.058  0  0  
11.062  0  0  
11.066  0  0  
11.07  0  0  
11.074  0  0  
11.078  0  0  
11.082  0  0  
11.086  0  0  
11.09  0  0  
11.094  0  0  
11.098  0  0  
11.102  0  0  
11.106  0  0  
11.11  0  0  
11.114  0  0  
11.118  0  0  
11.122  0  0  
11.126  0  0  
11.13  0  0  
11.134  0  0  
11.138  0  0  
11.142  0  0  
11.146  0  0  
11.15  0  0  
11.154  0  0  
11.158  0  0  
11.162  0  0  
11.166  0  0  
11.17  0  0  
11.174  0  0  
11.178  0  0  
11.182  0  0  
11.186  0  0  
11.19  0  0  
11.194  0  0  
11.198  0  0  
11.202  0  0  
11.206  0  0  
11.21  0  0  
11.214  0  0  
11.218  0  0  
11.222  0  0  
11.226  0  0  
11.23  0  0  
11.234  0  0  
11.238  0  0  
11.242  0  0  
11.246  0  0  
11.25  0  0  
11.254  0  0  
11.258  0  0  
11.262  0  0  
11.266  0  0  
11.27  0  0  
11.274  0  0  
11.278  0  0  
11.282  0  0  
11.286  0  0  
11.29  0  0  
11.294  0  0  
11.298  0  0  
11.302  0  0  
11.306  0  0  
11.31  0  0  
11.314  0  0  
11.318  0  0  
11.322  0  0  
11.326  0  0  
11.33  0  0  
11.334  0  0  
11.338  0  0  
11.342  0  0  
11.346  0  0  
11.35  0  0  
11.354  0  0  
11.358  0  0  
11.362  0  0  
11.366  0  0  
11.37  0  0  
11.374  0  0  
11.378  0  0  
11.382  0  0  
11.386  0  0  
11.39  0  0  
11.394  0  0  
11.398  0  0  
11.402  0  0  
11.406  0  0  
11.41  0  0  
11.414  0  0  
11.418  0  0  
11.422  0  0  
11.426  0  0  
11.43  0  0  
11.434  0  0  
11.438  0  0  
11.442  0  0  
11.446  0  0  
11.45  0  0  
11.454  0  0  
11.458  0  0  
11.462  0  0  
11.466  0  0  
11.47  0  0  
11.474  0  0  
11.478  0  0  
11.482  0  0  
11.486  0  0  
11.49  0  0  
11.494  0  0  
11.498  0  0  
11.502  0  0  
11.506  0  0  
11.51  0  0  
11.514  0  0  
11.518  0  0  
11.522  0  0  
11.526  0  0  
11.53  0  0  
11.534  0  0  
11.538  0  0  
11.542  0  0  
11.546  0  0  
11.55  0  0  
11.554  0  0  
11.558  0  0  
11.562  0  0  
11.566  0  0  
11.57  0  0  
11.574  0  0  
11.578  0  0  
11.582  0  0  
11.586  0  0  
11.59  0  0  
11.594  0  0  
11.598  0  0  
11.602  0  0  
11.606  0  0  
11.61  0  0  
11.614  0  0  
11.618  0  0  
11.622  0  0  
11.626  0  0  
11.63  0  0  
11.634  0  0  
11.638  0  0  
11.642  0  0  
11.646  0  0  
11.65  0  0  
11.654  0  0  
11.658  0  0  
11.662  0  0  
11.666  0  0  
11.67  0  0  
11.674  0  0  
11.678  0  0  
11.682  0  0  
11.686  0  0  
11.69  0  0  
11.694  0  0  
11.698  0  0  
11.702  0  0  
11.706  0  0  
11.71  0  0  
11.714  0  0  
11.718  0  0  
11.722  0  0  
11.726  0  0  
11.73  0  0  
11.734  0  0  
11.738  0  0  
11.742  0  0  
11.746  0  0  
11.75  0  0  
11.754  0  0  
11.758  0  0  
11.762  0  0  
11.766  0  0  
11.77  0  0  
11.774  0  0  
11.778  0  0  
11.782  0  0  
11.786  0  0  
11.79  0  0  
11.794  0  0  
11.798  0  0  
11.802  0  0  
11.806  0  0  
11.81  0  0  
11.814  0  0  
11.818  0  0  
11.822  0  0  
11.826  0  0  
11.83  0  0  
11.834  0  0  
11.838  0  0  
11.842  0  0  
11.846  0  0  
11.85  0  0  
11.854  0  0  
11.858  0  0  
11.862  0  0  
11.866  0  0  
11.87  0  0  
11.874  0  0  
11.878  0  0  
11.882  0  0  
11.886  0  0  
11.89  0  0  
11.894  0  0  
11.898  0  0  
11.902  0  0  
11.906  0  0  
11.91  0  0  
11.914  0  0  
11.918  0  0  
11.922  0  0  
11.926  0  0  
11.93  0  0  
11.934  0  0  
11.938  0  0  
11.942  0  0  
11.946  0  0  
11.95  0  0  
11.954  0  0  
11.958  0  0  
11.962  0  0  
11.966  0  0  
11.97  0  0  
11.974  0  0  
11.978  0  0  
11.982  0  0  
11.986  0  0  
11.99  0  0  
11.994  0  0  
11.998  0  0  
12.002  0  0  
12.006  0  0  
12.01  0  0  
12.014  0  0  
12.018  0  0  
12.022  0  0  
12.026  0  0  
12.03  0  0  
12.034  0  0  
12.038  0  0  
12.042  0  0  
12.046  0  0  
12.05  0  0  
12.054  0  0  
12.058  0  0  
12.062  0  0  
12.066  0  0  
12.07  0  0  
12.074  0  0  
12.078  0  0  
12.082  0  0  
12.086  0  0  
12.09  0  0  
12.094  0  0  
12.098  0  0  
12.102  0  0  
12.106  0  0  
12.11  0  0  
12.114  0  0  
12.118  0  0  
12.122  0  0  
12.126  0  0  
12.13  0  0  
12.134  0  0  
12.138  0  0  
12.142  0  0  
12.146  0  0  
12.15  0  0  
12.154  0  0  
12.158  0  0  
12.162  0  0  
12.166  0  0  
12.17  0  0  
12.174  0  0  
12.178  0  0  
12.182  0  0  
12.186  0  0  
12.19  0  0  
12.194  0  0  
12.198  0  0  
12.202  0  0  
12.206  0  0  
12.21  0  0  
12.214  0  0  
12.218  0  0  
12.222  0  0  
12.226  0  0  
12.23  0  0  
12.234  0  0  
12.238  0  0  
12.242  0  0  
12.246  0  0  
12.25  0  0  
12.254  0  0  
12.258  0  0  
12.262  0  0  
12.266  0  0  
12.27  0  0  
12.274  0  0  
12.278  0  0  
12.282  0  0  
12.286  0  0  
12.29  0  0  
12.294  0  0  
12.298  0  0  
12.302  0  0  
12.306  0  0  
12.31  0  0  
12.314  0  0  
12.318  0  0  
12.322  0  0  
12.326  0  0  
12.33  0  0  
12.334  0  0  
12.338  0  0  
12.342  0  0  
12.346  0  0  
12.35  0  0  
12.354  0  0  
12.358  0  0  
12.362  0  0  
12.366  0  0  
12.37  0  0  
12.374  0  0  
12.378  0  0  
12.382  0  0  
12.386  0  0  
12.39  0  0  
12.394  0  0  
12.398  0  0  
12.402  0  0  
12.406  0  0  
12.41  0  0  
12.414  0  0  
12.418  0  0  
12.422  0  0  
12.426  0  0  
12.43  0  0  
12.434  0  0  
12.438  0  0  
12.442  0  0  
12.446  0  0  
12.45  0  0  
12.454  0  0  
12.458  0  0  
12.462  0  0  
12.466  0  0  
12.47  0  0  
12.474  0  0  
12.478  0  0  
12.482  0  0  
12.486  0  0  
12.49  0  0  
12.494  0  0  
12.498  0  0  
12.502  0  0  
12.506  0  0  
12.51  0  0  
12.514  0  0  
12.518  0  0  
12.522  0  0  
12.526  0  0  
12.53  0  0  
12.534  0  0  
12.538  0  0  
12.542  0  0  
12.546  0  0  
12.55  0  0  
12.554  0  0  
12.558  0  0  
12.562  0  0  
12.566  0  0  
12.57  0  0  
12.574  0  0  
12.578  0  0  
12.582  0  0  
12.586  0  0  
12.59  0  0  
12.594  0  0  
12.598  0  0  
12.602  0  0  
12.606  0  0  
12.61  0  0  
12.614  0  0  
12.618  0  0  
12.622  0  0  
12.626  0  0  
12.63  0  0  
12.634  0  0  
12.638  0  0  
12.642  0  0  
12.646  0  0  
12.65  0  0  
12.654  0  0  
12.658  0  0  
12.662  0  0  
12.666  0  0  
12.67  0  0  
12.674  0  0  
12.678  0  0  
12.682  0  0  
12.686  0  0  
12.69  0  0  
12.694  0  0  
12.698  0  0  
12.702  0  0  
12.706  0  0  
12.71  0  0  
12.714  0  0  
12.718  0  0  
12.722  0  0  
12.726  0  0  
12.73  0  0  
12.734  0  0  
12.738  0  0  
12.742  0  0  
12.746  0  0  
12.75  0  0  
12.754  0  0  
12.758  0  0  
12.762  0  0  
12.766  0  0  
12.77  0  0  
12.774  0  0  
12.778  0  0  
12.782  0  0  
12.786  0  0  
12.79  0  0  
12.794  0  0  
12.798  0  0  
12.802  0  0  
12.806  0  0  
12.81  0  0  
12.814  0  0  
12.818  0  0  
12.822  0  0  
12.826  0  0  
12.83  0  0  
12.834  0  0  
12.838  0  0  
12.842  0  0  
12.846  0  0  
12.85  0  0  
12.854  0  0  
12.858  0  0  
12.862  0  0  
12.866  0  0  
12.87  0  0  
12.874  0  0  
12.878  0  0  
12.882  0  0  
12.886  0  0  
12.89  0  0  
12.894  0  0  
12.898  0  0  
12.902  0  0  
12.906  0  0  
12.91  0  0  
12.914  0  0  
12.918  0  0  
12.922  0  0  
12.926  0  0  
12.93  0  0  
12.934  0  0  
12.938  0  0  
12.942  0  0  
12.946  0  0  
12.95  0  0  
12.954  0  0  
12.958  0  0  
12.962  0  0  
12.966  0  0  
12.97  0  0  
12.974  0  0  
12.978  0  0  
12.982  0  0  
12.986  0  0  
12.99  0  0  
12.994  0  0  
12.998  0  0  
13.002  0  0  
13.006  0  0  
13.01  0  0  
13.014  0  0  
13.018  0  0  
13.022  0  0  
13.026  0  0  
13.03  0  0  
13.034  0  0  
13.038  0  0  
13.042  0  0  
13.046  0  0  
13.05  0  0  
13.054  0  0  
13.058  0  0  
13.062  0  0  
13.066  0  0  
13.07  0  0  
13.074  0  0  
13.078  0  0  
13.082  0  0  
13.086  0  0  
13.09  0  0  
13.094  0  0  
13.098  0  0  
13.102  0  0  
13.106  0  0  
13.11  0  0  
13.114  0  0  
13.118  0  0  
13.122  0  0  
13.126  0  0  
13.13  0  0  
13.134  0  0  
13.138  0  0  
13.142  0  0  
13.146  0  0  
13.15  0  0  
13.154  0  0  
13.158  0  0  
13.162  0  0  
13.166  0  0  
13.17  0  0  
13.174  0  0  
13.178  0  0  
13.182  0  0  
13.186  0  0  
13.19  0  0  
13.194  0  0  
13.198  0  0  
13.202  0  0  
13.206  0  0  
13.21  0  0  
13.214  0  0  
13.218  0  0  
13.222  0  0  
13.226  0  0  
13.23  0  0  
13.234  0  0  
13.238  0  0  
13.242  0  0  
13.246  0  0  
13.25  0  0  
13.254  0  0  
13.258  0  0  
13.262  0  0  
13.266  0  0  
13.27  0  0  
13.274  0  0  
13.278  0  0  
13.282  0  0  
13.286  0  0  
13.29  0  0  
13.294  0  0  
13.298  0  0  
13.302  0  0  
13.306  0  0  
13.31  0  0  
13.314  0  0  
13.318  0  0  
13.322  0  0  
13.326  0  0  
13.33  0  0  
13.334  0  0  
13.338  0  0  
13.342  0  0  
13.346  0  0  
13.35  0  0  
13.354  0  0  
13.358  0  0  
13.362  0  0  
13.366  0  0  
13.37  0  0  
13.374  0  0  
13.378  0  0  
13.382  0  0  
13.386  0  0  
13.39  0  0  
13.394  0  0  
13.398  0  0  
13.402  0  0  
13.406  0  0  
13.41  0  0  
13.414  0  0  
13.418  0  0  
13.422  0  0  
13.426  0  0  
13.43  0  0  
13.434  0  0  
13.438  0  0  
13.442  0  0  
13.446  0  0  
13.45  0  0  
13.454  0  0  
13.458  0  0  
13.462  0  0  
13.466  0  0  
13.47  0  0  
13.474  0  0  
13.478  0  0  
13.482  0  0  
13.486  0  0  
13.49  0  0  
13.494  0  0  
13.498  0  0  
13.502  0  0  
13.506  0  0  
13.51  0  0  
13.514  0  0  
13.518  0  0  
13.522  0  0  
13.526  0  0  
13.53  0  0  
13.534  0  0  
13.538  0  0  
13.542  0  0  
13.546  0  0  
13.55  0  0  
13.554  0  0  
13.558  0  0  
13.562  0  0  
13.566  0  0  
13.57  0  0  
13.574  0  0  
13.578  0  0  
13.582  0  0  
13.586  0  0  
13.59  0  0  
13.594  0  0  
13.598  0  0  
13.602  0  0  
13.606  0  0  
13.61  0  0  
13.614  0  0  
13.618  0  0  
13.622  0  0  
13.626  0  0  
13.63  0  0  
13.634  0  0  
13.638  0  0  
13.642  0  0  
13.646  0  0  
13.65  0  0  
13.654  0  0  
13.658  0  0  
13.662  0  0  
13.666  0  0  
13.67  0  0  
13.674  0  0  
13.678  0  0  
13.682  0  0  
13.686  0  0  
13.69  0  0  
13.694  0  0  
13.698  0  0  
13.702  0  0  
13.706  0  0  
13.71  0  0  
13.714  0  0  
13.718  0  0  
13.722  0  0  
13.726  0  0  
13.73  0  0  
13.734  0  0  
13.738  0  0  
13.742  0  0  
13.746  0  0  
13.75  0  0  
13.754  0  0  
13.758  0  0  
13.762  0  0  
13.766  0  0  
13.77  0  0  
13.774  0  0  
13.778  0  0  
13.782  0  0  
13.786  0  0  
13.79  0  0  
13.794  0  0  
13.798  0  0  
13.802  0  0  
13.806  0  0  
13.81  0  0  
13.814  0  0  
13.818  0  0  
13.822  0  0  
13.826  0  0  
13.83  0  0  
13.834  0  0  
13.838  0  0  
13.842  0  0  
13.846  0  0  
13.85  0  0  
13.854  0  0  
13.858  0  0  
13.862  0  0  
13.866  0  0  
13.87  0  0  
13.874  0  0  
13.878  0  0  
13.882  0  0  
13.886  0  0  
13.89  0  0  
13.894  0  0  
13.898  0  0  
13.902  0  0  
13.906  0  0  
13.91  0  0  
13.914  0  0  
13.918  0  0  
13.922  0  0  
13.926  0  0  
13.93  0  0  
13.934  0  0  
13.938  0  0  
13.942  0  0  
13.946  0  0  
13.95  0  0  
13.954  0  0  
13.958  0  0  
13.962  0  0  
13.966  0  0  
13.97  0  0  
13.974  0  0  
13.978  0  0  
13.982  0  0  
13.986  0  0  
13.99  0  0  
13.994  0  0  
13.998  0  0  
14.002  0  0  
14.006  0  0  
14.01  0  0  
14.014  0  0  
14.018  0  0  
14.022  0  0  
14.026  0  0  
14.03  0  0  
14.034  0  0  
14.038  0  0  
14.042  0  0  
14.046  0  0  
14.05  0  0  
14.054  0  0  
14.058  0  0  
14.062  0  0  
14.066  0  0  
14.07  0  0  
14.074  0  0  
14.078  0  0  
14.082  0  0  
14.086  0  0  
14.09  0  0  
14.094  0  0  
14.098  0  0  
14.102  0  0  
14.106  0  0  
14.11  0  0  
14.114  0  0  
14.118  0  0  
14.122  0  0  
14.126  0  0  
14.13  0  0  
14.134  0  0  
14.138  0  0  
14.142  0  0  
14.146  0  0  
14.15  0  0  
14.154  0  0  
14.158  0  0  
14.162  0  0  
14.166  0  0  
14.17  0  0  
14.174  0  0  
14.178  0  0  
14.182  0  0  
14.186  0  0  
14.19  0  0  
14.194  0  0  
14.198  0  0  
14.202  0  0  
14.206  0  0  
14.21  0  0  
14.214  0  0  
14.218  0  0  
14.222  0  0  
14.226  0  0  
14.23  0  0  
14.234  0  0  
14.238  0  0  
14.242  0  0  
14.246  0  0  
14.25  0  0  
14.254  0  0  
14.258  0  0  
14.262  0  0  
14.266  0  0  
14.27  0  0  
14.274  0  0  
14.278  0  0  
14.282  0  0  
14.286  0  0  
14.29  0  0  
14.294  0  0  
14.298  0  0  
14.302  0  0  
14.306  0  0  
14.31  0  0  
14.314  0  0  
14.318  0  0  
14.322  0  0  
14.326  0  0  
14.33  0  0  
14.334  0  0  
14.338  0  0  
14.342  0  0  
14.346  0  0  
14.35  0  0  
14.354  0  0  
14.358  0  0  
14.362  0  0  
14.366  0  0  
14.37  0  0  
14.374  0  0  
14.378  0  0  
14.382  0  0  
14.386  0  0  
14.39  0  0  
14.394  0  0  
14.398  0  0  
14.402  0  0  
14.406  0  0  
14.41  0  0  
14.414  0  0  
14.418  0  0  
14.422  0  0  
14.426  0  0  
14.43  0  0  
14.434  0  0  
14.438  0  0  
14.442  0  0  
14.446  0  0  
14.45  0  0  
14.454  0  0  
14.458  0  0  
14.462  0  0  
14.466  0  0  
14.47  0  0  
14.474  0  0  
14.478  0  0  
14.482  0  0  
14.486  0  0  
14.49  0  0  
14.494  0  0  
14.498  0  0  
14.502  0  0  
14.506  0  0  
14.51  0  0  
14.514  0  0  
14.518  0  0  
14.522  0  0  
14.526  0  0  
14.53  0  0  
14.534  0  0  
14.538  0  0  
14.542  0  0  
14.546  0  0  
14.55  0  0  
14.554  0  0  
14.558  0  0  
14.562  0  0  
14.566  0  0  
14.57  0  0  
14.574  0  0  
14.578  0  0  
14.582  0  0  
14.586  0  0  
14.59  0  0  
14.594  0  0  
14.598  0  0  
14.602  0  0  
14.606  0  0  
14.61  0  0  
14.614  0  0  
14.618  0  0  
14.622  0  0  
14.626  0  0  
14.63  0  0  
14.634  0  0  
14.638  0  0  
14.642  0  0  
14.646  0  0  
14.65  0  0  
14.654  0  0  
14.658  0  0  
14.662  0  0  
14.666  0  0  
14.67  0  0  
14.674  0  0  
14.678  0  0  
14.682  0  0  
14.686  0  0  
14.69  0  0  
14.694  0  0  
14.698  0  0  
14.702  0  0  
14.706  0  0  
14.71  0  0  
14.714  0  0  
14.718  0  0  
14.722  0  0  
14.726  0  0  
14.73  0  0  
14.734  0  0  
14.738  0  0  
14.742  0  0  
14.746  0  0  
14.75  0  0  
14.754  0  0  
14.758  0  0  
14.762  0  0  
14.766  0  0  
14.77  0  0  
14.774  0  0  
14.778  0  0  
14.782  0  0  
14.786  0  0  
14.79  0  0  
14.794  0  0  
14.798  0  0  
14.802  0  0  
14.806  0  0  
14.81  0  0  
14.814  0  0  
14.818  0  0  
14.822  0  0  
14.826  0  0  
14.83  0  0  
14.834  0  0  
14.838  0  0  
14.842  0  0  
14.846  0  0  
14.85  0  0  
14.854  0  0  
14.858  0  0  
14.862  0  0  
14.866  0  0  
14.87  0  0  
14.874  0  0  
14.878  0  0  
14.882  0  0  
14.886  0  0  
14.89  0  0  
14.894  0  0  
14.898  0  0  
14.902  0  0  
14.906  0  0  
14.91  0  0  
14.914  0  0  
14.918  0  0  
14.922  0  2.05111e+21  
14.926  0  2.14613e+21  
14.93  0  2.24118e+21  
14.934  0  2.3362e+21  
14.938  0  2.43122e+21  
14.942  0  2.52627e+21  
14.946  0  2.6213e+21  
14.95  0  2.79522e+21  
14.954  0  3.20609e+21  
14.958  0  3.61686e+21  
14.962  0  4.02763e+21  
14.966  0  4.4384e+21  
14.97  0  4.84927e+21  
14.974  0  5.26004e+21  
14.978  0  6.21632e+21  
14.982  0  7.17284e+21  
14.986  0  8.12913e+21  
14.99  0  9.08541e+21  
14.994  0  1.00419e+22  
14.998  0  1.12761e+22  
15.002  0  1.2788e+22  
15.006  0  1.42535e+22  
15.01  0  1.55797e+22  
15.014  0  1.69055e+22  
15.018  0  1.59479e+22  
15.022  0  1.499e+22  
15.026  0  1.40323e+22  
15.03  0  1.30746e+22  
15.034  0  1.21168e+22  
15.038  0  1.11591e+22  
15.042  0  1.02014e+22  
15.046  0  9.24376e+21  
15.05  0  8.28587e+21  
15.054  0  7.32821e+21  
15.058  0  6.83998e+21  
15.062  0  7.76113e+21  
15.066  0  8.68207e+21  
15.07  0  9.60301e+21  
15.074  0  1.05242e+22  
15.078  0  1.14451e+22  
15.082  0  1.2366e+22  
15.086  0  1.32872e+22  
15.09  0  1.42081e+22  
15.094  0  1.51291e+22  
15.098  0  1.605e+22  
15.102  0  1.69712e+22  
15.106  0  1.89206e+22  
15.11  0  2.18986e+22  
15.114  0  2.48772e+22  
15.118  0  2.48737e+22  
15.122  0  2.38769e+22  
15.126  0  2.28799e+22  
15.13  0  2.18832e+22  
15.134  0  2.08864e+22  
15.138  0  1.98896e+22  
15.142  0  1.88927e+22  
15.146  0  1.78959e+22  
15.15  0  1.68991e+22  
15.154  0  1.59022e+22  
15.158  0  1.49054e+22  
15.162  0  1.39086e+22  
15.166  0  1.29117e+22  
15.17  0  1.19149e+22  
15.174  0  1.09181e+22  
15.178  0  9.92116e+21  
15.182  0  8.9244e+21  
15.186  0  7.92765e+21  
15.19  0  7.79304e+21  
15.194  0  8.52075e+21  
15.198  0  9.55044e+21  
15.202  0  1.1486e+22  
15.206  0  1.3422e+22  
15.21  0  1.53576e+22  
15.214  0  1.72932e+22  
15.218  0  1.92292e+22  
15.222  0  2.11648e+22  
15.226  0  2.31004e+22  
15.23  0  2.50359e+22  
15.234  0  2.58549e+22  
15.238  0  2.66736e+22  
15.242  0  2.74924e+22  
15.246  0  2.5346e+22  
15.25  0  2.32001e+22  
15.254  0  2.10542e+22  
15.258  0  1.89077e+22  
15.262  0  1.67618e+22  
15.266  0  1.46159e+22  
15.27  0  1.24695e+22  
15.274  0  1.12459e+22  
15.278  0  1.03295e+22  
15.282  0  9.41312e+21  
15.286  0  8.49652e+21  
15.29  0  7.58013e+21  
15.294  0  6.66374e+21  
15.298  0  6.81929e+21  
15.302  0  7.33221e+21  
15.306  0  7.84514e+21  
15.31  0  8.35819e+21  
15.314  0  8.87112e+21  
15.318  0  9.38404e+21  
15.322  0  1.01718e+22  
15.326  0  1.17851e+22  
15.33  0  1.3398e+22  
15.334  0  1.50109e+22  
15.338  0  1.66242e+22  
15.342  0  1.82371e+22  
15.346  0  1.985e+22  
15.35  0  2.14633e+22  
15.354  0  2.30762e+22  
15.358  0  2.46891e+22  
15.362  0  2.63024e+22  
15.366  0  2.79153e+22  
15.37  0  2.95403e+22  
15.374  0  3.02498e+22  
15.378  0  2.81739e+22  
15.382  0  2.60984e+22  
15.386  0  2.4023e+22  
15.39  0  2.1947e+22  
15.394  0  1.98716e+22  
15.398  0  1.77961e+22  
15.402  0  1.57202e+22  
15.406  0  1.42924e+22  
15.41  0  1.35123e+22  
15.414  0  1.27322e+22  
15.418  0  1.19519e+22  
15.422  0  1.25984e+22  
15.426  0  1.37203e+22  
15.43  0  1.48424e+22  
15.434  0  1.59642e+22  
15.438  0  1.70861e+22  
15.442  0  1.82082e+22  
15.446  0  1.933e+22  
15.45  0  2.04519e+22  
15.454  0  2.1574e+22  
15.458  0  2.26958e+22  
15.462  0  2.32622e+22  
15.466  0  2.38286e+22  
15.47  0  2.43951e+22  
15.474  0  2.49616e+22  
15.478  0  2.49892e+22  
15.482  0  2.33992e+22  
15.486  0  2.18096e+22  
15.49  0  2.022e+22  
15.494  0  1.863e+22  
15.498  0  1.70404e+22  
15.502  0  1.54508e+22  
15.506  0  1.38612e+22  
15.51  0  1.22712e+22  
15.514  0  9.88588e+21  
15.518  0  9.61583e+21  
15.522  0  9.34571e+21  
15.526  0  9.07566e+21  
15.53  0  8.80561e+21  
15.534  0  8.53549e+21  
15.538  0  8.26544e+21  
15.542  0  8.43401e+21  
15.546  0  9.04122e+21  
15.55  0  9.64857e+21  
15.554  0  1.02558e+22  
15.558  0  1.0863e+22  
15.562  0  1.14703e+22  
15.566  0  1.20775e+22  
15.57  0  1.26847e+22  
15.574  0  1.32921e+22  
15.578  0  1.38993e+22  
15.582  0  1.50357e+22  
15.586  0  1.67017e+22  
15.59  0  1.83673e+22  
15.594  0  2.00329e+22  
15.598  0  2.16986e+22  
15.602  0  2.29833e+22  
15.606  0  2.31243e+22  
15.61  0  2.32654e+22  
15.614  0  2.42691e+22  
15.618  0  2.55601e+22  
15.622  0  2.68511e+22  
15.626  0  2.81424e+22  
15.63  0  2.94334e+22  
15.634  0  3.07244e+22  
15.638  0  3.20154e+22  
15.642  0  3.32062e+22  
15.646  0  3.42962e+22  
15.65  0  3.53862e+22  
15.654  0  3.64764e+22  
15.658  0  3.75664e+22  
15.662  0  3.80602e+22  
15.666  0  3.6764e+22  
15.67  0  3.54681e+22  
15.674  0  3.41722e+22  
15.678  0  3.28761e+22  
15.682  0  3.15802e+22  
15.686  0  3.02843e+22  
15.69  0  2.8682e+22  
15.694  0  2.70792e+22  
15.698  0  2.54769e+22  
15.702  0  2.38745e+22  
15.706  0  2.22717e+22  
15.71  0  2.07306e+22  
15.714  0  1.93732e+22  
15.718  0  1.80154e+22  
15.722  0  1.66579e+22  
15.726  0  1.53005e+22  
15.73  0  1.3943e+22  
15.734  0  1.36092e+22  
15.738  0  1.42996e+22  
15.742  0  1.49901e+22  
15.746  0  1.56807e+22  
15.75  0  1.63711e+22  
15.754  0  1.70616e+22  
15.758  0  1.77522e+22  
15.762  0  1.84426e+22  
15.766  0  1.91331e+22  
15.77  0  2.08438e+22  
15.774  0  2.25542e+22  
15.778  0  2.42646e+22  
15.782  0  2.59749e+22  
15.786  0  2.76857e+22  
15.79  0  3.09675e+22  
15.794  0  3.47727e+22  
15.798  0  3.85789e+22  
15.802  0  4.23841e+22  
15.806  0  4.61894e+22  
15.81  0  4.77235e+22  
15.814  0  4.92572e+22  
15.818  0  5.07909e+22  
15.822  0  5.14427e+22  
15.826  0  4.94463e+22  
15.83  0  4.69961e+22  
15.834  0  4.43945e+22  
15.838  0  4.17922e+22  
15.842  0  3.91906e+22  
15.846  0  3.6589e+22  
15.85  0  3.39868e+22  
15.854  0  3.24561e+22  
15.858  0  3.12822e+22  
15.862  0  3.0108e+22  
15.866  0  2.97327e+22  
15.87  0  2.93574e+22  
15.874  0  2.8432e+22  
15.878  0  2.6956e+22  
15.882  0  2.53985e+22  
15.886  0  2.38138e+22  
15.89  0  2.22287e+22  
15.894  0  2.13485e+22  
15.898  0  2.0703e+22  
15.902  0  2.00573e+22  
15.906  0  1.94118e+22  
15.91  0  1.87662e+22  
15.914  0  1.81207e+22  
15.918  0  1.77441e+22  
15.922  0  1.74572e+22  
15.926  0  1.74702e+22  
15.93  0  1.77832e+22  
15.934  0  1.8096e+22  
15.938  0  1.84089e+22  
15.942  0  1.87218e+22  
15.946  0  2.06747e+22  
15.95  0  2.26276e+22  
15.954  0  2.4581e+22  
15.958  0  2.65339e+22  
15.962  0  2.84868e+22  
15.966  0  3.09107e+22  
15.97  0  3.38062e+22  
15.974  0  3.61055e+22  
15.978  0  3.66192e+22  
15.982  0  3.7133e+22  
15.986  0  3.76467e+22  
15.99  0  3.73591e+22  
15.994  0  3.46658e+22  
15.998  0  3.19732e+22  
16.002  0  2.92799e+22  
16.006  0  2.65873e+22  
16.01  0  2.55831e+22  
16.014  0  2.4579e+22  
16.018  0  2.35748e+22  
16.022  0  2.25707e+22  
16.026  0  2.26254e+22  
16.03  0  2.37405e+22  
16.034  0  2.48551e+22  
16.038  0  2.66493e+22  
16.042  0  2.84436e+22  
16.046  0  3.02379e+22  
16.05  0  3.20321e+22  
16.054  0  3.38273e+22  
16.058  0  3.45241e+22  
16.062  0  3.48554e+22  
16.066  0  3.51866e+22  
16.07  0  3.55179e+22  
16.074  0  3.45845e+22  
16.078  0  3.23853e+22  
16.082  0  3.0185e+22  
16.086  0  2.79858e+22  
16.09  0  2.57866e+22  
16.094  0  2.4022e+22  
16.098  0  2.24023e+22  
16.102  0  2.10308e+22  
16.106  0  2.04044e+22  
16.11  0  1.97783e+22  
16.114  0  1.93632e+22  
16.118  0  1.95812e+22  
16.122  0  1.97993e+22  
16.126  0  2.00174e+22  
16.13  0  1.99374e+22  
16.134  0  1.97578e+22  
16.138  0  1.95783e+22  
16.142  0  1.93988e+22  
16.146  0  1.92193e+22  
16.15  0  1.90398e+22  
16.154  0  1.88603e+22  
16.158  0  1.86807e+22  
16.162  0  1.87858e+22  
16.166  0  1.97432e+22  
16.17  0  2.07006e+22  
16.174  0  2.1658e+22  
16.178  0  2.26154e+22  
16.182  0  2.35692e+22  
16.186  0  2.45197e+22  
16.19  0  2.54698e+22  
16.194  0  2.64199e+22  
16.198  0  2.737e+22  
16.202  0  2.83201e+22  
16.206  0  2.92702e+22  
16.21  0  3.02203e+22  
16.214  0  3.00938e+22  
16.218  0  2.88906e+22  
16.222  0  2.76875e+22  
16.226  0  2.64844e+22  
16.23  0  2.52813e+22  
16.234  0  2.43657e+22  
16.238  0  2.37378e+22  
16.242  0  2.31101e+22  
16.246  0  2.24824e+22  
16.25  0  2.18547e+22  
16.254  0  2.1227e+22  
16.258  0  2.13342e+22  
16.262  0  2.16863e+22  
16.266  0  2.20385e+22  
16.27  0  2.23905e+22  
16.274  0  2.27426e+22  
16.278  0  2.30946e+22  
16.282  0  2.34467e+22  
16.286  0  2.37987e+22  
16.29  0  2.41509e+22  
16.294  0  2.38183e+22  
16.298  0  2.32576e+22  
16.302  0  2.26969e+22  
16.306  0  2.21362e+22  
16.31  0  2.15755e+22  
16.314  0  2.10148e+22  
16.318  0  2.04539e+22  
16.322  0  1.98932e+22  
16.326  0  1.93325e+22  
16.33  0  1.95163e+22  
16.334  0  1.99481e+22  
16.338  0  2.03799e+22  
16.342  0  2.08116e+22  
16.346  0  2.12436e+22  
16.35  0  2.16754e+22  
16.354  0  2.18681e+22  
16.358  0  2.18219e+22  
16.362  0  2.17757e+22  
16.366  0  2.17295e+22  
16.37  0  2.16833e+22  
16.374  0  2.16371e+22  
16.378  0  2.15908e+22  
16.382  0  2.15446e+22  
16.386  0  2.1422e+22  
16.39  0  2.107e+22  
16.394  0  2.07179e+22  
16.398  0  2.03657e+22  
16.402  0  2.0575e+22  
16.406  0  2.13449e+22  
16.41  0  2.21148e+22  
16.414  0  2.28847e+22  
16.418  0  2.36547e+22  
16.422  0  2.4425e+22  
16.426  0  2.52255e+22  
16.43  0  2.61176e+22  
16.434  0  2.70098e+22  
16.438  0  2.64811e+22  
16.442  0  2.54792e+22  
16.446  0  2.44772e+22  
16.45  0  2.34748e+22  
16.454  0  2.24728e+22  
16.458  0  2.14709e+22  
16.462  0  2.04689e+22  
16.466  0  1.94669e+22  
16.47  0  1.8465e+22  
16.474  0  1.74625e+22  
16.478  0  1.69203e+22  
16.482  0  1.68373e+22  
16.486  0  1.67543e+22  
16.49  0  1.66713e+22  
16.494  0  1.66427e+22  
16.498  0  1.67771e+22  
16.502  0  1.69116e+22  
16.506  0  1.7046e+22  
16.51  0  1.75958e+22  
16.514  0  1.82838e+22  
16.518  0  1.89719e+22  
16.522  0  1.966e+22  
16.526  0  2.0348e+22  
16.53  0  2.10364e+22  
16.534  0  2.17245e+22  
16.538  0  2.19162e+22  
16.542  0  2.16119e+22  
16.546  0  2.13076e+22  
16.55  0  2.10034e+22  
16.554  0  2.0699e+22  
16.558  0  2.03947e+22  
16.562  0  2.03866e+22  
16.566  0  2.03785e+22  
16.57  0  2.03705e+22  
16.574  0  2.03624e+22  
16.578  0  2.03543e+22  
16.582  0  2.03462e+22  
16.586  0  2.03382e+22  
16.59  0  2.02414e+22  
16.594  0  2.01151e+22  
16.598  0  1.99888e+22  
16.602  0  1.98625e+22  
16.606  0  1.97361e+22  
16.61  0  1.96098e+22  
16.614  0  1.95816e+22  
16.618  0  1.98478e+22  
16.622  0  2.01141e+22  
16.626  0  2.03803e+22  
16.63  0  2.06465e+22  
16.634  0  2.09129e+22  
16.638  0  2.11791e+22  
16.642  0  2.14453e+22  
16.646  0  2.17115e+22  
16.65  0  2.19778e+22  
16.654  0  2.2244e+22  
16.658  0  2.18484e+22  
16.662  0  2.14529e+22  
16.666  0  2.10575e+22  
16.67  0  2.06621e+22  
16.674  0  2.02109e+22  
16.678  0  1.95927e+22  
16.682  0  1.89745e+22  
16.686  0  1.8356e+22  
16.69  0  1.77378e+22  
16.694  0  1.71196e+22  
16.698  0  1.65014e+22  
16.702  0  1.58832e+22  
16.706  0  1.5842e+22  
16.71  0  1.59931e+22  
16.714  0  1.61442e+22  
16.718  0  1.62952e+22  
16.722  0  1.64463e+22  
16.726  0  1.65973e+22  
16.73  0  1.67484e+22  
16.734  0  1.70368e+22  
16.738  0  1.73713e+22  
16.742  0  1.77056e+22  
16.746  0  1.80399e+22  
16.75  0  1.83742e+22  
16.754  0  1.87085e+22  
16.758  0  1.90428e+22  
16.762  0  1.93771e+22  
16.766  0  1.95363e+22  
16.77  0  1.95203e+22  
16.774  0  1.95043e+22  
16.778  0  1.94882e+22  
16.782  0  1.94722e+22  
16.786  0  1.94562e+22  
16.79  0  1.94401e+22  
16.794  0  1.94241e+22  
16.798  0  1.94081e+22  
16.802  0  1.9392e+22  
16.806  0  1.9376e+22  
16.81  0  1.928e+22  
16.814  0  1.91039e+22  
16.818  0  1.89277e+22  
16.822  0  1.87515e+22  
16.826  0  1.85754e+22  
16.83  0  1.83993e+22  
16.834  0  1.82232e+22  
16.838  0  1.80471e+22  
16.842  0  1.7871e+22  
16.846  0  1.77907e+22  
16.85  0  1.78064e+22  
16.854  0  1.78221e+22  
16.858  0  1.78378e+22  
16.862  0  1.78534e+22  
16.866  0  1.78691e+22  
16.87  0  1.78848e+22  
16.874  0  1.79005e+22  
16.878  0  1.79161e+22  
16.882  0  1.79318e+22  
16.886  0  1.79475e+22  
16.89  0  1.7835e+22  
16.894  0  1.7338e+22  
16.898  0  1.68407e+22  
16.902  0  1.63436e+22  
16.906  0  1.58465e+22  
16.91  0  1.59247e+22  
16.914  0  1.6003e+22  
16.918  0  1.60812e+22  
16.922  0  1.61594e+22  
16.926  0  1.62377e+22  
16.93  0  1.63159e+22  
16.934  0  1.63941e+22  
16.938  0  1.64723e+22  
16.942  0  1.65505e+22  
16.946  0  1.67125e+22  
16.95  0  1.68745e+22  
16.954  0  1.70364e+22  
16.958  0  1.71984e+22  
16.962  0  1.73603e+22  
16.966  0  1.75223e+22  
16.97  0  1.76842e+22  
16.974  0  1.78462e+22  
16.978  0  1.80082e+22  
16.982  0  1.81701e+22  
16.986  0  1.83321e+22  
16.99  0  1.8494e+22  
16.994  0  1.8656e+22  
16.998  0  1.88179e+22  
17.002  0  1.90049e+22  
17.006  0  1.92168e+22  
17.01  0  1.94286e+22  
17.014  0  1.96405e+22  
17.018  0  1.98524e+22  
17.022  0  2.00643e+22  
17.026  0  2.02761e+22  
17.03  0  2.04881e+22  
17.034  0  2.08796e+22  
17.038  0  2.13309e+22  
17.042  0  2.17822e+22  
17.046  0  2.22335e+22  
17.05  0  2.26849e+22  
17.054  0  2.31364e+22  
17.058  0  2.35877e+22  
17.062  0  2.4039e+22  
17.066  0  2.42469e+22  
17.07  0  2.43738e+22  
17.074  0  2.45006e+22  
17.078  0  2.52059e+22  
17.082  0  2.61048e+22  
17.086  0  2.70033e+22  
17.09  0  2.79019e+22  
17.094  0  2.88004e+22  
17.098  0  2.96989e+22  
17.102  0  3.05974e+22  
17.106  0  3.13127e+22  
17.11  0  3.1844e+22  
17.114  0  3.23753e+22  
17.118  0  3.29066e+22  
17.122  0  3.3438e+22  
17.126  0  3.39693e+22  
17.13  0  3.45006e+22  
17.134  0  3.50322e+22  
17.138  0  3.55635e+22  
17.142  0  3.60949e+22  
17.146  0  3.49472e+22  
17.15  0  3.37995e+22  
17.154  0  3.26518e+22  
17.158  0  3.15035e+22  
17.162  0  3.03558e+22  
17.166  0  2.92081e+22  
17.17  0  2.81571e+22  
17.174  0  2.73963e+22  
17.178  0  2.66354e+22  
17.182  0  2.58746e+22  
17.186  0  2.51134e+22  
17.19  0  2.43526e+22  
17.194  0  2.35917e+22  
17.198  0  2.28309e+22  
17.202  0  2.27049e+22  
17.206  0  2.25789e+22  
17.21  0  2.24529e+22  
17.214  0  2.23268e+22  
17.218  0  2.22008e+22  
17.222  0  2.20748e+22  
17.226  0  2.19488e+22  
17.23  0  2.18228e+22  
17.234  0  2.16968e+22  
17.238  0  2.15707e+22  
17.242  0  2.13045e+22  
17.246  0  2.09916e+22  
17.25  0  2.06787e+22  
17.254  0  2.03658e+22  
17.258  0  2.00529e+22  
17.262  0  1.974e+22  
17.266  0  1.94269e+22  
17.27  0  1.9105e+22  
17.274  0  1.87558e+22  
17.278  0  1.84067e+22  
17.282  0  1.80576e+22  
17.286  0  1.77084e+22  
17.29  0  1.73591e+22  
17.294  0  1.701e+22  
17.298  0  1.66609e+22  
17.302  0  1.63118e+22  
17.306  0  1.59626e+22  
17.31  0  1.57532e+22  
17.314  0  1.56836e+22  
17.318  0  1.5614e+22  
17.322  0  1.55444e+22  
17.326  0  1.54748e+22  
17.33  0  1.54052e+22  
17.334  0  1.53356e+22  
17.338  0  1.56886e+22  
17.342  0  1.61824e+22  
17.346  0  1.66765e+22  
17.35  0  1.71704e+22  
17.354  0  1.76642e+22  
17.358  0  1.8158e+22  
17.362  0  1.86519e+22  
17.366  0  1.90162e+22  
17.37  0  1.9251e+22  
17.374  0  1.94857e+22  
17.378  0  1.97204e+22  
17.382  0  1.99551e+22  
17.386  0  2.01898e+22  
17.39  0  2.0244e+22  
17.394  0  2.02982e+22  
17.398  0  2.03524e+22  
17.402  0  2.04066e+22  
17.406  0  2.04608e+22  
17.41  0  2.0515e+22  
17.414  0  2.05691e+22  
17.418  0  2.06233e+22  
17.422  0  2.06776e+22  
17.426  0  2.06855e+22  
17.43  0  2.05551e+22  
17.434  0  2.04247e+22  
17.438  0  2.02943e+22  
17.442  0  2.01639e+22  
17.446  0  2.00335e+22  
17.45  0  1.9903e+22  
17.454  0  1.97726e+22  
17.458  0  1.96422e+22  
17.462  0  1.95419e+22  
17.466  0  1.95321e+22  
17.47  0  1.95223e+22  
17.474  0  1.95125e+22  
17.478  0  1.95027e+22  
17.482  0  1.94929e+22  
17.486  0  1.94831e+22  
17.49  0  1.94733e+22  
17.494  0  1.94635e+22  
17.498  0  1.94537e+22  
17.502  0  1.94439e+22  
17.506  0  1.94341e+22  
17.51  0  1.94243e+22  
17.514  0  1.94145e+22  
17.518  0  1.94047e+22  
17.522  0  1.93949e+22  
17.526  0  1.93851e+22  
17.53  0  1.93753e+22  
17.534  0  1.93731e+22  
17.538  0  1.93934e+22  
17.542  0  1.94138e+22  
17.546  0  1.94342e+22  
17.55  0  1.94545e+22  
17.554  0  1.94749e+22  
17.558  0  1.94952e+22  
17.562  0  1.95156e+22  
17.566  0  1.9536e+22  
17.57  0  1.95563e+22  
17.574  0  1.95767e+22  
17.578  0  1.9597e+22  
17.582  0  1.95712e+22  
17.586  0  1.95298e+22  
17.59  0  1.94885e+22  
17.594  0  1.94472e+22  
17.598  0  1.93557e+22  
17.602  0  1.9214e+22  
17.606  0  1.90722e+22  
17.61  0  1.89305e+22  
17.614  0  1.87888e+22  
17.618  0  1.86471e+22  
17.622  0  1.85054e+22  
17.626  0  1.83994e+22  
17.63  0  1.84009e+22  
17.634  0  1.84024e+22  
17.638  0  1.84039e+22  
17.642  0  1.84054e+22  
17.646  0  1.84068e+22  
17.65  0  1.84083e+22  
17.654  0  1.84098e+22  
17.658  0  1.84113e+22  
17.662  0  1.84128e+22  
17.666  0  1.84142e+22  
17.67  0  1.84157e+22  
17.674  0  1.84172e+22  
17.678  0  1.84187e+22  
17.682  0  1.84202e+22  
17.686  0  1.84217e+22  
17.69  0  1.84231e+22  
17.694  0  1.84246e+22  
17.698  0  1.84261e+22  
17.702  0  1.84276e+22  
17.706  0  1.83805e+22  
17.71  0  1.82849e+22  
17.714  0  1.81893e+22  
17.718  0  1.80937e+22  
17.722  0  1.7998e+22  
17.726  0  1.79024e+22  
17.73  0  1.78068e+22  
17.734  0  1.79338e+22  
17.738  0  1.81352e+22  
17.742  0  1.83366e+22  
17.746  0  1.84876e+22  
17.75  0  1.84876e+22  
17.754  0  1.84876e+22  
17.758  0  1.84876e+22  
17.762  0  1.84876e+22  
17.766  0  1.84876e+22  
17.77  0  1.84876e+22  
17.774  0  1.86202e+22  
17.778  0  1.88851e+22  
17.782  0  1.915e+22  
17.786  0  1.9415e+22  
17.79  0  1.968e+22  
17.794  0  1.9945e+22  
17.798  0  2.02099e+22  
17.802  0  2.04748e+22  
17.806  0  2.11678e+22  
17.81  0  2.20032e+22  
17.814  0  2.28387e+22  
17.818  0  2.36746e+22  
17.822  0  2.45101e+22  
17.826  0  2.53456e+22  
17.83  0  2.61811e+22  
17.834  0  2.70165e+22  
17.838  0  2.77801e+22  
17.842  0  2.83279e+22  
17.846  0  2.8876e+22  
17.85  0  2.92627e+22  
17.854  0  2.91659e+22  
17.858  0  2.90692e+22  
17.862  0  2.89724e+22  
17.866  0  2.88756e+22  
17.87  0  2.79059e+22  
17.874  0  2.69367e+22  
17.878  0  2.59675e+22  
17.882  0  2.49983e+22  
17.886  0  2.40291e+22  
17.89  0  2.30599e+22  
17.894  0  2.20906e+22  
17.898  0  2.13236e+22  
17.902  0  2.1164e+22  
17.906  0  2.10043e+22  
17.91  0  2.08446e+22  
17.914  0  2.06849e+22  
17.918  0  2.05252e+22  
17.922  0  2.03654e+22  
17.926  0  1.99938e+22  
17.93  0  1.96221e+22  
17.934  0  1.92505e+22  
17.938  0  1.88788e+22  
17.942  0  1.85071e+22  
17.946  0  1.81355e+22  
17.95  0  1.77637e+22  
17.954  0  1.7392e+22  
17.958  0  1.70203e+22  
17.962  0  1.71992e+22  
17.966  0  1.73781e+22  
17.97  0  1.7557e+22  
17.974  0  1.7736e+22  
17.978  0  1.79149e+22  
17.982  0  1.80938e+22  
17.986  0  1.82727e+22  
17.99  0  1.84516e+22  
17.994  0  1.86305e+22  
17.998  0  1.88094e+22  
18.002  0  1.89168e+22  
18.006  0  1.89526e+22  
18.01  0  1.89884e+22  
18.014  0  1.90242e+22  
18.018  0  1.906e+22  
18.022  0  1.90958e+22  
18.026  0  1.91316e+22  
18.03  0  1.91674e+22  
18.034  0  1.92032e+22  
18.038  0  1.9239e+22  
18.042  0  1.92748e+22  
18.046  0  1.93106e+22  
18.05  0  1.93463e+22  
18.054  0  1.93822e+22  
18.058  0  1.9418e+22  
18.062  0  1.94537e+22  
18.066  0  1.94895e+22  
18.07  0  1.95253e+22  
18.074  0  1.95611e+22  
18.078  0  1.95969e+22  
18.082  0  1.96327e+22  
18.086  0  1.96685e+22  
18.09  0  1.97043e+22  
18.094  0  1.97401e+22  
18.098  0  1.97759e+22  
18.102  0  1.98117e+22  
18.106  0  1.98475e+22  
18.11  0  1.98833e+22  
18.114  0  1.99191e+22  
18.118  0  1.99549e+22  
18.122  0  2.04173e+22  
18.126  0  2.08797e+22  
18.13  0  2.13421e+22  
18.134  0  2.18047e+22  
18.138  0  2.22671e+22  
18.142  0  2.27295e+22  
18.146  0  2.31919e+22  
18.15  0  2.36543e+22  
18.154  0  2.39599e+22  
18.158  0  2.42135e+22  
18.162  0  2.4467e+22  
18.166  0  2.47204e+22  
18.17  0  2.49739e+22  
18.174  0  2.52274e+22  
18.178  0  2.51164e+22  
18.182  0  2.46408e+22  
18.186  0  2.41649e+22  
18.19  0  2.36892e+22  
18.194  0  2.32135e+22  
18.198  0  2.27378e+22  
18.202  0  2.22622e+22  
18.206  0  2.17865e+22  
18.21  0  2.13108e+22  
18.214  0  2.08349e+22  
18.218  0  2.03593e+22  
18.222  0  1.98836e+22  
18.226  0  1.94079e+22  
18.23  0  1.89322e+22  
18.234  0  1.85798e+22  
18.238  0  1.85973e+22  
18.242  0  1.86148e+22  
18.246  0  1.86323e+22  
18.25  0  1.86498e+22  
18.254  0  1.86673e+22  
18.258  0  1.86848e+22  
18.262  0  1.87023e+22  
18.266  0  1.87198e+22  
18.27  0  1.87373e+22  
18.274  0  1.87548e+22  
18.278  0  1.87723e+22  
18.282  0  1.88434e+22  
18.286  0  1.89681e+22  
18.29  0  1.90928e+22  
18.294  0  1.92175e+22  
18.298  0  1.93421e+22  
18.302  0  1.94668e+22  
18.306  0  1.95915e+22  
18.31  0  1.97162e+22  
18.314  0  1.99574e+22  
18.318  0  2.03156e+22  
18.322  0  2.06736e+22  
18.326  0  2.10315e+22  
18.33  0  2.13895e+22  
18.334  0  2.17475e+22  
18.338  0  2.21055e+22  
18.342  0  2.24635e+22  
18.346  0  2.28216e+22  
18.35  0  2.31796e+22  
18.354  0  2.3195e+22  
18.358  0  2.2868e+22  
18.362  0  2.25411e+22  
18.366  0  2.22142e+22  
18.37  0  2.18871e+22  
18.374  0  2.15602e+22  
18.378  0  2.12333e+22  
18.382  0  2.09063e+22  
18.386  0  2.05794e+22  
18.39  0  2.02525e+22  
18.394  0  1.99256e+22  
18.398  0  1.95985e+22  
18.402  0  1.92715e+22  
18.406  0  1.89446e+22  
18.41  0  1.88617e+22  
18.414  0  1.90231e+22  
18.418  0  1.91844e+22  
18.422  0  1.93459e+22  
18.426  0  1.95471e+22  
18.43  0  1.9788e+22  
18.434  0  2.00289e+22  
18.438  0  2.02699e+22  
18.442  0  2.05108e+22  
18.446  0  2.07517e+22  
18.45  0  2.09928e+22  
18.454  0  2.12337e+22  
18.458  0  2.14747e+22  
18.462  0  2.17156e+22  
18.466  0  2.14156e+22  
18.47  0  2.11156e+22  
18.474  0  2.08154e+22  
18.478  0  2.05154e+22  
18.482  0  2.0341e+22  
18.486  0  2.02921e+22  
18.49  0  2.02432e+22  
18.494  0  2.01942e+22  
18.498  0  2.01453e+22  
18.502  0  2.00964e+22  
18.506  0  2.00688e+22  
18.51  0  2.00625e+22  
18.514  0  2.00562e+22  
18.518  0  2.00499e+22  
18.522  0  2.00436e+22  
18.526  0  2.00373e+22  
18.53  0  2.0031e+22  
18.534  0  2.00247e+22  
18.538  0  2.00184e+22  
18.542  0  2.00121e+22  
18.546  0  2.00058e+22  
18.55  0  1.99995e+22  
18.554  0  1.99932e+22  
18.558  0  1.99869e+22  
18.562  0  1.99806e+22  
18.566  0  1.99743e+22  
18.57  0  1.9968e+22  
18.574  0  1.99617e+22  
18.578  0  1.99554e+22  
18.582  0  1.99491e+22  
18.586  0  1.99428e+22  
18.59  0  1.99365e+22  
18.594  0  1.99302e+22  
18.598  0  1.99239e+22  
18.602  0  1.99176e+22  
18.606  0  1.99113e+22  
18.61  0  1.9905e+22  
18.614  0  1.98987e+22  
18.618  0  1.99011e+22  
18.622  0  1.99122e+22  
18.626  0  1.99232e+22  
18.63  0  1.99343e+22  
18.634  0  1.99454e+22  
18.638  0  1.99564e+22  
18.642  0  1.99675e+22  
18.646  0  1.99785e+22  
18.65  0  1.99896e+22  
18.654  0  2.00006e+22  
18.658  0  2.00117e+22  
18.662  0  2.00227e+22  
18.666  0  2.00338e+22  
18.67  0  2.00448e+22  
18.674  0  2.00559e+22  
18.678  0  2.0067e+22  
18.682  0  2.0078e+22  
18.686  0  2.00891e+22  
18.69  0  2.01001e+22  
18.694  0  2.01112e+22  
18.698  0  2.01222e+22  
18.702  0  2.01333e+22  
18.706  0  2.01443e+22  
18.71  0  2.01554e+22  
18.714  0  2.01664e+22  
18.718  0  2.01775e+22  
18.722  0  2.01886e+22  
18.726  0  2.01996e+22  
18.73  0  2.02107e+22  
18.734  0  2.02217e+22  
18.738  0  2.02328e+22  
18.742  0  2.02438e+22  
18.746  0  2.02549e+22  
18.75  0  2.02659e+22  
18.754  0  2.0277e+22  
18.758  0  2.0288e+22  
18.762  0  2.02991e+22  
18.766  0  2.03102e+22  
18.77  0  2.03212e+22  
18.774  0  2.03323e+22  
18.778  0  2.03433e+22  
18.782  0  2.03544e+22  
18.786  0  2.03654e+22  
18.79  0  2.03567e+22  
18.794  0  2.03479e+22  
18.798  0  2.03392e+22  
18.802  0  2.03304e+22  
18.806  0  2.03217e+22  
18.81  0  2.03129e+22  
18.814  0  2.03042e+22  
18.818  0  2.02954e+22  
18.822  0  2.02867e+22  
18.826  0  2.02779e+22  
18.83  0  2.02692e+22  
18.834  0  2.02604e+22  
18.838  0  2.02517e+22  
18.842  0  2.02429e+22  
18.846  0  2.02342e+22  
18.85  0  2.02254e+22  
18.854  0  2.02167e+22  
18.858  0  2.02079e+22  
18.862  0  2.01992e+22  
18.866  0  2.01904e+22  
18.87  0  2.01817e+22  
18.874  0  2.01729e+22  
18.878  0  2.01642e+22  
18.882  0  2.01554e+22  
18.886  0  2.01467e+22  
18.89  0  2.0138e+22  
18.894  0  2.01292e+22  
18.898  0  2.01205e+22  
18.902  0  2.01117e+22  
18.906  0  2.0103e+22  
18.91  0  2.00942e+22  
18.914  0  2.00855e+22  
18.918  0  2.00767e+22  
18.922  0  2.0068e+22  
18.926  0  2.00592e+22  
18.93  0  2.00505e+22  
18.934  0  2.00417e+22  
18.938  0  2.0033e+22  
18.942  0  2.00242e+22  
18.946  0  2.00155e+22  
18.95  0  2.00067e+22  
18.954  0  1.9998e+22  
18.958  0  1.99892e+22  
18.962  0  1.99805e+22  
18.966  0  1.99717e+22  
18.97  0  1.9963e+22  
18.974  0  1.99542e+22  
18.978  0  1.99455e+22  
18.982  0  1.99367e+22  
18.986  0  1.9928e+22  
18.99  0  1.99192e+22  
18.994  0  1.99105e+22  
18.998  0  1.99017e+22  
19.002  0  1.9893e+22  
19.006  0  1.98842e+22  
19.01  0  1.98755e+22  
19.014  0  1.98667e+22  
19.018  0  1.9858e+22  
19.022  0  1.98492e+22  
19.026  0  1.98405e+22  
19.03  0  1.98317e+22  
19.034  0  1.9823e+22  
19.038  0  1.98142e+22  
19.042  0  1.98055e+22  
19.046  0  1.97967e+22  
19.05  0  1.9788e+22  
19.054  0  1.97792e+22  
19.058  0  1.97705e+22  
19.062  0  1.97617e+22  
19.066  0  1.9753e+22  
19.07  0  1.97442e+22  
19.074  0  1.97355e+22  
19.078  0  1.97267e+22  
19.082  0  1.9718e+22  
19.086  0  1.97092e+22  
19.09  0  1.97005e+22  
19.094  0  1.96917e+22  
19.098  0  1.9683e+22  
19.102  0  1.96742e+22  
19.106  0  1.96655e+22  
19.11  0  1.96567e+22  
19.114  0  1.9648e+22  
19.118  0  1.96393e+22  
19.122  0  1.96305e+22  
19.126  0  1.96218e+22  
19.13  0  1.9613e+22  
19.134  0  1.96043e+22  
19.138  0  1.95955e+22  
19.142  0  1.95868e+22  
19.146  0  1.9578e+22  
19.15  0  1.95693e+22  
19.154  0  1.95605e+22  
19.158  0  1.95518e+22  
19.162  0  1.9543e+22  
19.166  0  1.95343e+22  
19.17  0  1.95255e+22  
19.174  0  1.95168e+22  
19.178  0  1.9508e+22  
19.182  0  1.94993e+22  
19.186  0  1.94905e+22  
19.19  0  1.94818e+22  
19.194  0  1.9473e+22  
19.198  0  1.94643e+22  
19.202  0  1.94555e+22  
19.206  0  1.94468e+22  
19.21  0  1.9438e+22  
19.214  0  1.94293e+22  
19.218  0  1.94205e+22  
19.222  0  1.94118e+22  
19.226  0  1.9403e+22  
19.23  0  1.93943e+22  
19.234  0  1.93855e+22  
19.238  0  1.93768e+22  
19.242  0  1.9368e+22  
19.246  0  1.93593e+22  
19.25  0  1.93505e+22  
19.254  0  1.93418e+22  
19.258  0  1.9333e+22  
19.262  0  1.93243e+22  
19.266  0  1.93155e+22  
19.27  0  1.93068e+22  
19.274  0  1.9298e+22  
19.278  0  1.92893e+22  
19.282  0  1.92805e+22  
19.286  0  1.92718e+22  
19.29  0  1.9263e+22  
19.294  0  1.92543e+22  
19.298  0  1.92455e+22  
19.302  0  1.92368e+22  
19.306  0  1.9228e+22  
19.31  0  1.92193e+22  
19.314  0  1.92105e+22  
19.318  0  1.92018e+22  
19.322  0  1.9193e+22  
19.326  0  1.91843e+22  
19.33  0  1.91756e+22  
19.334  0  1.91668e+22  
19.338  0  1.91581e+22  
19.342  0  1.91493e+22  
19.346  0  1.91406e+22  
19.35  0  1.91318e+22  
19.354  0  1.91231e+22  
19.358  0  1.91143e+22  
19.362  0  1.91056e+22  
19.366  0  1.90968e+22  
19.37  0  1.90881e+22  
19.374  0  1.90793e+22  
19.378  0  1.90706e+22  
19.382  0  1.90618e+22  
19.386  0  1.90531e+22  
19.39  0  1.90443e+22  
19.394  0  1.90356e+22  
19.398  0  1.90268e+22  
19.402  0  1.90181e+22  
19.406  0  1.90093e+22  
19.41  0  1.90006e+22  
19.414  0  1.89918e+22  
19.418  0  1.89831e+22  
19.422  0  1.89743e+22  
19.426  0  1.89656e+22  
19.43  0  1.89568e+22  
19.434  0  1.89481e+22  
19.438  0  1.89393e+22  
19.442  0  1.89306e+22  
19.446  0  1.89218e+22  
19.45  0  1.89131e+22  
19.454  0  1.89043e+22  
19.458  0  1.88956e+22  
19.462  0  1.88868e+22  
19.466  0  1.88781e+22  
19.47  0  1.88693e+22  
19.474  0  1.88606e+22  
19.478  0  1.88518e+22  
19.482  0  1.88431e+22  
19.486  0  1.88343e+22  
19.49  0  1.88256e+22  
19.494  0  1.88168e+22  
19.498  0  1.88081e+22  
19.502  0  1.87993e+22  
19.506  0  1.87906e+22  
19.51  0  1.87818e+22  
19.514  0  1.87731e+22  
19.518  0  1.87643e+22  
19.522  0  1.87556e+22  
19.526  0  1.87468e+22  
19.53  0  1.87381e+22  
19.534  0  1.87293e+22  
19.538  0  1.87206e+22  
19.542  0  1.87118e+22  
19.546  0  1.87031e+22  
19.55  0  1.86944e+22  
19.554  0  1.86856e+22  
19.558  0  1.86769e+22  
19.562  0  1.86681e+22  
19.566  0  1.86594e+22  
19.57  0  1.86506e+22  
19.574  0  1.86419e+22  
19.578  0  1.86331e+22  
19.582  0  1.86244e+22  
19.586  0  1.86156e+22  
19.59  0  1.86069e+22  
19.594  0  1.85981e+22  
19.598  0  1.85894e+22  
19.602  0  1.85806e+22  
19.606  0  1.85719e+22  
19.61  0  1.85631e+22  
19.614  0  1.85544e+22  
19.618  0  1.85456e+22  
19.622  0  1.85369e+22  
19.626  0  1.85281e+22  
19.63  0  1.85194e+22  
19.634  0  1.85106e+22  
19.638  0  1.85019e+22  
19.642  0  1.84931e+22  
19.646  0  1.84844e+22  
19.65  0  1.84756e+22  
19.654  0  1.84669e+22  
19.658  0  1.84581e+22  
19.662  0  1.84494e+22  
19.666  0  1.84406e+22  
19.67  0  1.84319e+22  
19.674  0  1.84231e+22  
19.678  0  1.84144e+22  
19.682  0  1.84056e+22  
19.686  0  1.83969e+22  
19.69  0  1.83881e+22  
19.694  0  1.83794e+22  
19.698  0  1.83706e+22  
19.702  0  1.83619e+22  
19.706  0  1.83531e+22  
19.71  0  1.83444e+22  
19.714  0  1.83356e+22  
19.718  0  1.83269e+22  
19.722  0  1.83181e+22  
19.726  0  1.83094e+22  
19.73  0  1.83006e+22  
19.734  0  1.82919e+22  
19.738  0  1.82831e+22  
19.742  0  1.82744e+22  
19.746  0  1.82656e+22  
19.75  0  1.82569e+22  
19.754  0  1.82481e+22  
19.758  0  1.82394e+22  
19.762  0  1.82307e+22  
19.766  0  1.82219e+22  
19.77  0  1.82131e+22  
19.774  0  1.82044e+22  
19.778  0  1.81957e+22  
19.782  0  1.81869e+22  
19.786  0  1.81782e+22  
19.79  0  1.81694e+22  
19.794  0  1.81607e+22  
19.798  0  1.81519e+22  
19.802  0  1.81432e+22  
19.806  0  1.81344e+22  
19.81  0  1.81257e+22  
19.814  0  1.81169e+22  
19.818  0  1.81082e+22  
19.822  0  1.80994e+22  
19.826  0  1.80907e+22  
19.83  0  1.80819e+22  
19.834  0  1.80732e+22  
19.838  0  1.80644e+22  
19.842  0  1.80557e+22  
19.846  0  1.80469e+22  
19.85  0  1.80382e+22  
19.854  0  1.80294e+22  
19.858  0  1.80207e+22  
19.862  0  1.80119e+22  
19.866  0  1.80032e+22  
19.87  0  1.79944e+22  
19.874  0  1.79857e+22  
19.878  0  1.79769e+22  
19.882  0  1.79682e+22  
19.886  0  1.79594e+22  
19.89  0  1.79507e+22  
19.894  0  1.79419e+22  
19.898  0  1.79332e+22  
19.902  0  1.79244e+22  
19.906  0  1.79157e+22  
19.91  0  1.79069e+22  
19.914  0  1.78982e+22  
19.918  0  1.78894e+22  
19.922  0  1.78807e+22  
19.926  0  1.78719e+22  
19.93  0  1.78632e+22  
19.934  0  1.78544e+22  
19.938  0  1.78457e+22  
19.942  0  1.78369e+22  
19.946  0  1.78282e+22  
19.95  0  1.78194e+22  
19.954  0  1.78107e+22  
19.958  0  1.78019e+22  
19.962  0  1.77932e+22  
19.966  0  1.77844e+22  
19.97  0  1.77757e+22  
19.974  0  1.77669e+22  
19.978  0  1.77582e+22  
19.982  0  1.77494e+22  
19.986  0  1.77407e+22  
19.99  0  1.7732e+22  
19.994  0  1.77232e+22  
19.998  0  1.77145e+22  
