0.002  0  0  
0.006  0  0  
0.01  0  0  
0.014  0  0  
0.018  0  0  
0.022  0  0  
0.026  0  0  
0.03  0  0  
0.034  0  0  
0.038  0  0  
0.042  0  0  
0.046  0  0  
0.05  0  0  
0.054  0  0  
0.058  0  0  
0.062  0  0  
0.066  0  0  
0.07  0  0  
0.074  0  0  
0.078  0  0  
0.082  0  0  
0.086  0  0  
0.09  0  0  
0.094  0  0  
0.098  0  0  
0.102  0  0  
0.106  0  0  
0.11  0  0  
0.114  0  0  
0.118  0  0  
0.122  0  0  
0.126  0  0  
0.13  0  0  
0.134  0  0  
0.138  0  0  
0.142  0  0  
0.146  0  0  
0.15  0  0  
0.154  0  0  
0.158  0  0  
0.162  0  0  
0.166  0  0  
0.17  0  0  
0.174  0  0  
0.178  0  0  
0.182  0  0  
0.186  0  0  
0.19  0  0  
0.194  0  0  
0.198  0  0  
0.202  0  0  
0.206  0  0  
0.21  0  0  
0.214  0  0  
0.218  0  0  
0.222  0  0  
0.226  0  0  
0.23  0  0  
0.234  0  0  
0.238  0  0  
0.242  0  0  
0.246  0  0  
0.25  0  0  
0.254  0  0  
0.258  0  0  
0.262  0  0  
0.266  0  0  
0.27  0  0  
0.274  0  0  
0.278  0  0  
0.282  0  0  
0.286  0  0  
0.29  0  0  
0.294  0  0  
0.298  0  0  
0.302  0  0  
0.306  0  0  
0.31  0  0  
0.314  0  0  
0.318  0  0  
0.322  0  0  
0.326  0  0  
0.33  0  0  
0.334  0  0  
0.338  0  0  
0.342  0  0  
0.346  0  0  
0.35  0  0  
0.354  0  0  
0.358  0  0  
0.362  0  0  
0.366  0  0  
0.37  0  0  
0.374  0  0  
0.378  0  0  
0.382  0  0  
0.386  0  0  
0.39  0  0  
0.394  0  0  
0.398  0  0  
0.402  0  0  
0.406  0  0  
0.41  0  0  
0.414  0  0  
0.418  0  0  
0.422  0  0  
0.426  0  0  
0.43  0  0  
0.434  0  0  
0.438  0  0  
0.442  0  0  
0.446  0  0  
0.45  0  0  
0.454  0  0  
0.458  0  0  
0.462  0  0  
0.466  0  0  
0.47  0  0  
0.474  0  0  
0.478  0  0  
0.482  0  0  
0.486  0  0  
0.49  0  0  
0.494  0  0  
0.498  0  0  
0.502  0  0  
0.506  0  0  
0.51  0  0  
0.514  0  0  
0.518  0  0  
0.522  0  0  
0.526  0  0  
0.53  0  0  
0.534  0  0  
0.538  0  0  
0.542  0  0  
0.546  0  0  
0.55  0  0  
0.554  0  0  
0.558  0  0  
0.562  0  0  
0.566  0  0  
0.57  0  0  
0.574  0  0  
0.578  0  0  
0.582  0  0  
0.586  0  0  
0.59  0  0  
0.594  0  0  
0.598  0  0  
0.602  0  0  
0.606  0  0  
0.61  0  0  
0.614  0  0  
0.618  0  0  
0.622  0  0  
0.626  0  0  
0.63  0  0  
0.634  0  0  
0.638  0  0  
0.642  0  0  
0.646  0  0  
0.65  0  0  
0.654  0  0  
0.658  0  0  
0.662  0  0  
0.666  0  0  
0.67  0  0  
0.674  0  0  
0.678  0  0  
0.682  0  0  
0.686  0  0  
0.69  0  0  
0.694  0  0  
0.698  0  0  
0.702  0  0  
0.706  0  0  
0.71  0  0  
0.714  0  0  
0.718  0  0  
0.722  0  0  
0.726  0  0  
0.73  0  0  
0.734  0  0  
0.738  0  0  
0.742  0  0  
0.746  0  0  
0.75  0  0  
0.754  0  0  
0.758  0  0  
0.762  0  0  
0.766  0  0  
0.77  0  0  
0.774  0  0  
0.778  0  0  
0.782  0  0  
0.786  0  0  
0.79  0  0  
0.794  0  0  
0.798  0  0  
0.802  0  0  
0.806  0  0  
0.81  0  0  
0.814  0  0  
0.818  0  0  
0.822  0  0  
0.826  0  0  
0.83  0  0  
0.834  0  0  
0.838  0  0  
0.842  0  0  
0.846  0  0  
0.85  0  0  
0.854  0  0  
0.858  0  0  
0.862  0  0  
0.866  0  0  
0.87  0  0  
0.874  0  0  
0.878  0  0  
0.882  0  0  
0.886  0  0  
0.89  0  0  
0.894  0  0  
0.898  0  0  
0.902  0  0  
0.906  0  0  
0.91  0  0  
0.914  0  0  
0.918  0  0  
0.922  0  0  
0.926  0  0  
0.93  0  0  
0.934  0  0  
0.938  0  0  
0.942  0  0  
0.946  0  0  
0.95  0  0  
0.954  0  0  
0.958  0  0  
0.962  0  0  
0.966  0  0  
0.97  0  0  
0.974  0  0  
0.978  0  0  
0.982  0  0  
0.986  0  0  
0.99  0  0  
0.994  0  0  
0.998  0  0  
1.002  0  0  
1.006  0  0  
1.01  0  0  
1.014  0  0  
1.018  0  0  
1.022  0  0  
1.026  0  0  
1.03  0  0  
1.034  0  0  
1.038  0  0  
1.042  0  0  
1.046  0  0  
1.05  0  0  
1.054  0  0  
1.058  0  0  
1.062  0  0  
1.066  0  0  
1.07  0  0  
1.074  0  0  
1.078  0  0  
1.082  0  0  
1.086  0  0  
1.09  0  0  
1.094  0  0  
1.098  0  0  
1.102  0  0  
1.106  0  0  
1.11  0  0  
1.114  0  0  
1.118  0  0  
1.122  0  0  
1.126  0  0  
1.13  0  0  
1.134  0  0  
1.138  0  0  
1.142  0  0  
1.146  0  0  
1.15  0  0  
1.154  0  0  
1.158  0  0  
1.162  0  0  
1.166  0  0  
1.17  0  0  
1.174  0  0  
1.178  0  0  
1.182  0  0  
1.186  0  0  
1.19  0  0  
1.194  0  0  
1.198  0  0  
1.202  0  0  
1.206  0  0  
1.21  0  0  
1.214  0  0  
1.218  0  0  
1.222  0  0  
1.226  0  0  
1.23  0  0  
1.234  0  0  
1.238  0  0  
1.242  0  0  
1.246  0  0  
1.25  0  0  
1.254  0  0  
1.258  0  0  
1.262  0  0  
1.266  0  0  
1.27  0  0  
1.274  0  0  
1.278  0  0  
1.282  0  0  
1.286  0  0  
1.29  0  0  
1.294  0  0  
1.298  0  0  
1.302  0  0  
1.306  0  0  
1.31  0  0  
1.314  0  0  
1.318  0  0  
1.322  0  0  
1.326  0  0  
1.33  0  0  
1.334  0  0  
1.338  0  0  
1.342  0  0  
1.346  0  0  
1.35  0  0  
1.354  0  0  
1.358  0  0  
1.362  0  0  
1.366  0  0  
1.37  0  0  
1.374  0  0  
1.378  0  0  
1.382  0  0  
1.386  0  0  
1.39  0  0  
1.394  0  0  
1.398  0  0  
1.402  0  0  
1.406  0  0  
1.41  0  0  
1.414  0  0  
1.418  0  0  
1.422  0  0  
1.426  0  0  
1.43  0  0  
1.434  0  0  
1.438  0  0  
1.442  0  0  
1.446  0  0  
1.45  0  0  
1.454  0  0  
1.458  0  0  
1.462  0  0  
1.466  0  0  
1.47  0  0  
1.474  0  0  
1.478  0  0  
1.482  0  0  
1.486  0  0  
1.49  0  0  
1.494  0  0  
1.498  0  0  
1.502  0  0  
1.506  0  0  
1.51  0  0  
1.514  0  0  
1.518  0  0  
1.522  0  0  
1.526  0  0  
1.53  0  0  
1.534  0  0  
1.538  0  0  
1.542  0  0  
1.546  0  0  
1.55  0  0  
1.554  0  0  
1.558  0  0  
1.562  0  0  
1.566  0  0  
1.57  0  0  
1.574  0  0  
1.578  0  0  
1.582  0  0  
1.586  0  0  
1.59  0  0  
1.594  0  0  
1.598  0  0  
1.602  0  0  
1.606  0  0  
1.61  0  0  
1.614  0  0  
1.618  0  0  
1.622  0  0  
1.626  0  0  
1.63  0  0  
1.634  0  0  
1.638  0  0  
1.642  0  0  
1.646  0  0  
1.65  0  0  
1.654  0  0  
1.658  0  0  
1.662  0  0  
1.666  0  0  
1.67  0  0  
1.674  0  0  
1.678  0  0  
1.682  0  0  
1.686  0  0  
1.69  0  0  
1.694  0  0  
1.698  0  0  
1.702  0  0  
1.706  0  0  
1.71  0  0  
1.714  0  0  
1.718  0  0  
1.722  0  0  
1.726  0  0  
1.73  0  0  
1.734  0  0  
1.738  0  0  
1.742  0  0  
1.746  0  0  
1.75  0  0  
1.754  0  0  
1.758  0  0  
1.762  0  0  
1.766  0  0  
1.77  0  0  
1.774  0  0  
1.778  0  0  
1.782  0  0  
1.786  0  0  
1.79  0  0  
1.794  0  0  
1.798  0  0  
1.802  0  0  
1.806  0  0  
1.81  0  0  
1.814  0  0  
1.818  0  0  
1.822  0  0  
1.826  0  0  
1.83  0  0  
1.834  0  0  
1.838  0  0  
1.842  0  0  
1.846  0  0  
1.85  0  0  
1.854  0  0  
1.858  0  0  
1.862  0  0  
1.866  0  0  
1.87  0  0  
1.874  0  0  
1.878  0  0  
1.882  0  0  
1.886  0  0  
1.89  0  0  
1.894  0  0  
1.898  0  0  
1.902  0  0  
1.906  0  0  
1.91  0  0  
1.914  0  0  
1.918  0  0  
1.922  0  0  
1.926  0  0  
1.93  0  0  
1.934  0  0  
1.938  0  0  
1.942  0  0  
1.946  0  0  
1.95  0  0  
1.954  0  0  
1.958  0  0  
1.962  0  0  
1.966  0  0  
1.97  0  0  
1.974  0  0  
1.978  0  0  
1.982  0  0  
1.986  0  0  
1.99  0  0  
1.994  0  0  
1.998  0  0  
2.002  0  0  
2.006  0  0  
2.01  0  0  
2.014  0  0  
2.018  0  0  
2.022  0  0  
2.026  0  0  
2.03  0  0  
2.034  0  0  
2.038  0  0  
2.042  0  0  
2.046  0  0  
2.05  0  0  
2.054  0  0  
2.058  0  0  
2.062  0  0  
2.066  0  0  
2.07  0  0  
2.074  0  0  
2.078  0  0  
2.082  0  0  
2.086  0  0  
2.09  0  0  
2.094  0  0  
2.098  0  0  
2.102  0  0  
2.106  0  0  
2.11  0  0  
2.114  0  0  
2.118  0  0  
2.122  0  0  
2.126  0  0  
2.13  0  0  
2.134  0  0  
2.138  0  0  
2.142  0  0  
2.146  0  0  
2.15  0  0  
2.154  0  0  
2.158  0  0  
2.162  0  0  
2.166  0  0  
2.17  0  0  
2.174  0  0  
2.178  0  0  
2.182  0  0  
2.186  0  0  
2.19  0  0  
2.194  0  0  
2.198  0  0  
2.202  0  0  
2.206  0  0  
2.21  0  0  
2.214  0  0  
2.218  0  0  
2.222  0  0  
2.226  0  0  
2.23  0  0  
2.234  0  0  
2.238  0  0  
2.242  0  0  
2.246  0  0  
2.25  0  0  
2.254  0  0  
2.258  0  0  
2.262  0  0  
2.266  0  0  
2.27  0  0  
2.274  0  0  
2.278  0  0  
2.282  0  0  
2.286  0  0  
2.29  0  0  
2.294  0  0  
2.298  0  0  
2.302  0  0  
2.306  0  0  
2.31  0  0  
2.314  0  0  
2.318  0  0  
2.322  0  0  
2.326  0  0  
2.33  0  0  
2.334  0  0  
2.338  0  0  
2.342  0  0  
2.346  0  0  
2.35  0  0  
2.354  0  0  
2.358  0  0  
2.362  0  0  
2.366  0  0  
2.37  0  0  
2.374  0  0  
2.378  0  0  
2.382  0  0  
2.386  0  0  
2.39  0  0  
2.394  0  0  
2.398  0  0  
2.402  0  0  
2.406  0  0  
2.41  0  0  
2.414  0  0  
2.418  0  0  
2.422  0  0  
2.426  0  0  
2.43  0  0  
2.434  0  0  
2.438  0  0  
2.442  0  0  
2.446  0  0  
2.45  0  0  
2.454  0  0  
2.458  0  0  
2.462  0  0  
2.466  0  0  
2.47  0  0  
2.474  0  0  
2.478  0  0  
2.482  0  0  
2.486  0  0  
2.49  0  0  
2.494  0  0  
2.498  0  0  
2.502  0  0  
2.506  0  0  
2.51  0  0  
2.514  0  0  
2.518  0  0  
2.522  0  0  
2.526  0  0  
2.53  0  0  
2.534  0  0  
2.538  0  0  
2.542  0  0  
2.546  0  0  
2.55  0  0  
2.554  0  0  
2.558  0  0  
2.562  0  0  
2.566  0  0  
2.57  0  0  
2.574  0  0  
2.578  0  0  
2.582  0  0  
2.586  0  0  
2.59  0  0  
2.594  0  0  
2.598  0  0  
2.602  0  0  
2.606  0  0  
2.61  0  0  
2.614  0  0  
2.618  0  0  
2.622  0  0  
2.626  0  0  
2.63  0  0  
2.634  0  0  
2.638  0  0  
2.642  0  0  
2.646  0  0  
2.65  0  0  
2.654  0  0  
2.658  0  0  
2.662  0  0  
2.666  0  0  
2.67  0  0  
2.674  0  0  
2.678  0  0  
2.682  0  0  
2.686  0  0  
2.69  0  0  
2.694  0  0  
2.698  0  0  
2.702  0  0  
2.706  0  0  
2.71  0  0  
2.714  0  0  
2.718  0  0  
2.722  0  0  
2.726  0  0  
2.73  0  0  
2.734  0  0  
2.738  0  0  
2.742  0  0  
2.746  0  0  
2.75  0  0  
2.754  0  0  
2.758  0  0  
2.762  0  0  
2.766  0  0  
2.77  0  0  
2.774  0  0  
2.778  0  0  
2.782  0  0  
2.786  0  0  
2.79  0  0  
2.794  0  0  
2.798  0  0  
2.802  0  0  
2.806  0  0  
2.81  0  0  
2.814  0  0  
2.818  0  0  
2.822  0  0  
2.826  0  0  
2.83  0  0  
2.834  0  0  
2.838  0  0  
2.842  0  0  
2.846  0  0  
2.85  0  0  
2.854  0  0  
2.858  0  0  
2.862  0  0  
2.866  0  0  
2.87  0  0  
2.874  0  0  
2.878  0  0  
2.882  0  0  
2.886  0  0  
2.89  0  0  
2.894  0  0  
2.898  0  0  
2.902  0  0  
2.906  0  0  
2.91  0  0  
2.914  0  0  
2.918  0  0  
2.922  0  0  
2.926  0  0  
2.93  0  0  
2.934  0  0  
2.938  0  0  
2.942  0  0  
2.946  0  0  
2.95  0  0  
2.954  0  0  
2.958  0  0  
2.962  0  0  
2.966  0  0  
2.97  0  0  
2.974  0  0  
2.978  0  0  
2.982  0  0  
2.986  0  0  
2.99  0  0  
2.994  0  0  
2.998  0  0  
3.002  0  0  
3.006  0  0  
3.01  0  0  
3.014  0  0  
3.018  0  0  
3.022  0  0  
3.026  0  0  
3.03  0  0  
3.034  0  0  
3.038  0  0  
3.042  0  0  
3.046  0  0  
3.05  0  0  
3.054  0  0  
3.058  0  0  
3.062  0  0  
3.066  0  0  
3.07  0  0  
3.074  0  0  
3.078  0  0  
3.082  0  0  
3.086  0  0  
3.09  0  0  
3.094  0  0  
3.098  0  0  
3.102  0  0  
3.106  0  0  
3.11  0  0  
3.114  0  0  
3.118  0  0  
3.122  0  0  
3.126  0  0  
3.13  0  0  
3.134  0  0  
3.138  0  0  
3.142  0  0  
3.146  0  0  
3.15  0  0  
3.154  0  0  
3.158  0  0  
3.162  0  0  
3.166  0  0  
3.17  0  0  
3.174  0  0  
3.178  0  0  
3.182  0  0  
3.186  0  0  
3.19  0  0  
3.194  0  0  
3.198  0  0  
3.202  0  0  
3.206  0  0  
3.21  0  0  
3.214  0  0  
3.218  0  0  
3.222  0  0  
3.226  0  0  
3.23  0  0  
3.234  0  0  
3.238  0  0  
3.242  0  0  
3.246  0  0  
3.25  0  0  
3.254  0  0  
3.258  0  0  
3.262  0  0  
3.266  0  0  
3.27  0  0  
3.274  0  0  
3.278  0  0  
3.282  0  0  
3.286  0  0  
3.29  0  0  
3.294  0  0  
3.298  0  0  
3.302  0  0  
3.306  0  0  
3.31  0  0  
3.314  0  0  
3.318  0  0  
3.322  0  0  
3.326  0  0  
3.33  0  0  
3.334  0  0  
3.338  0  0  
3.342  0  0  
3.346  0  0  
3.35  0  0  
3.354  0  0  
3.358  0  0  
3.362  0  0  
3.366  0  0  
3.37  0  0  
3.374  0  0  
3.378  0  0  
3.382  0  0  
3.386  0  0  
3.39  0  0  
3.394  0  0  
3.398  0  0  
3.402  0  0  
3.406  0  0  
3.41  0  0  
3.414  0  0  
3.418  0  0  
3.422  0  0  
3.426  0  0  
3.43  0  0  
3.434  0  0  
3.438  0  0  
3.442  0  0  
3.446  0  0  
3.45  0  0  
3.454  0  0  
3.458  0  0  
3.462  0  0  
3.466  0  0  
3.47  0  0  
3.474  0  0  
3.478  0  0  
3.482  0  0  
3.486  0  0  
3.49  0  0  
3.494  0  0  
3.498  0  0  
3.502  0  0  
3.506  0  0  
3.51  0  0  
3.514  0  0  
3.518  0  0  
3.522  0  0  
3.526  0  0  
3.53  0  0  
3.534  0  0  
3.538  0  0  
3.542  0  0  
3.546  0  0  
3.55  0  0  
3.554  0  0  
3.558  0  0  
3.562  0  0  
3.566  0  0  
3.57  0  0  
3.574  0  0  
3.578  0  0  
3.582  0  0  
3.586  0  0  
3.59  0  0  
3.594  0  0  
3.598  0  0  
3.602  0  0  
3.606  0  0  
3.61  0  0  
3.614  0  0  
3.618  0  0  
3.622  0  0  
3.626  0  0  
3.63  0  0  
3.634  0  0  
3.638  0  0  
3.642  0  0  
3.646  0  0  
3.65  0  0  
3.654  0  0  
3.658  0  0  
3.662  0  0  
3.666  0  0  
3.67  0  0  
3.674  0  0  
3.678  0  0  
3.682  0  0  
3.686  0  0  
3.69  0  0  
3.694  0  0  
3.698  0  0  
3.702  0  0  
3.706  0  0  
3.71  0  0  
3.714  0  0  
3.718  0  0  
3.722  0  0  
3.726  0  0  
3.73  0  0  
3.734  0  0  
3.738  0  0  
3.742  0  0  
3.746  0  0  
3.75  0  0  
3.754  0  0  
3.758  0  0  
3.762  0  0  
3.766  0  0  
3.77  0  0  
3.774  0  0  
3.778  0  0  
3.782  0  0  
3.786  0  0  
3.79  0  0  
3.794  0  0  
3.798  0  0  
3.802  0  0  
3.806  0  0  
3.81  0  0  
3.814  0  0  
3.818  0  0  
3.822  0  0  
3.826  0  0  
3.83  0  0  
3.834  0  0  
3.838  0  0  
3.842  0  0  
3.846  0  0  
3.85  0  0  
3.854  0  0  
3.858  0  0  
3.862  0  0  
3.866  0  0  
3.87  0  0  
3.874  0  0  
3.878  0  0  
3.882  0  0  
3.886  0  0  
3.89  0  0  
3.894  0  0  
3.898  0  0  
3.902  0  0  
3.906  0  0  
3.91  0  0  
3.914  0  0  
3.918  0  0  
3.922  0  0  
3.926  0  0  
3.93  0  0  
3.934  0  0  
3.938  0  0  
3.942  0  0  
3.946  0  0  
3.95  0  0  
3.954  0  0  
3.958  0  0  
3.962  0  0  
3.966  0  0  
3.97  0  0  
3.974  0  0  
3.978  0  0  
3.982  0  0  
3.986  0  0  
3.99  0  0  
3.994  0  0  
3.998  0  0  
4.002  0  0  
4.006  0  0  
4.01  0  0  
4.014  0  0  
4.018  0  0  
4.022  0  0  
4.026  0  0  
4.03  0  0  
4.034  0  0  
4.038  0  0  
4.042  0  0  
4.046  0  0  
4.05  0  0  
4.054  0  0  
4.058  0  0  
4.062  0  0  
4.066  0  0  
4.07  0  0  
4.074  0  0  
4.078  0  0  
4.082  0  0  
4.086  0  0  
4.09  0  0  
4.094  0  0  
4.098  0  0  
4.102  0  0  
4.106  0  0  
4.11  0  0  
4.114  0  0  
4.118  0  0  
4.122  0  0  
4.126  0  0  
4.13  0  0  
4.134  0  0  
4.138  0  0  
4.142  0  0  
4.146  0  0  
4.15  0  0  
4.154  0  0  
4.158  0  0  
4.162  0  0  
4.166  0  0  
4.17  0  0  
4.174  0  0  
4.178  0  0  
4.182  0  0  
4.186  0  0  
4.19  0  0  
4.194  0  0  
4.198  0  0  
4.202  0  0  
4.206  0  0  
4.21  0  0  
4.214  0  0  
4.218  0  0  
4.222  0  0  
4.226  0  0  
4.23  0  0  
4.234  0  0  
4.238  0  0  
4.242  0  0  
4.246  0  0  
4.25  0  0  
4.254  0  0  
4.258  0  0  
4.262  0  0  
4.266  0  0  
4.27  0  0  
4.274  0  0  
4.278  0  0  
4.282  0  0  
4.286  0  0  
4.29  0  0  
4.294  0  0  
4.298  0  0  
4.302  0  0  
4.306  0  0  
4.31  0  0  
4.314  0  0  
4.318  0  0  
4.322  0  0  
4.326  0  0  
4.33  0  0  
4.334  0  0  
4.338  0  0  
4.342  0  0  
4.346  0  0  
4.35  0  0  
4.354  0  0  
4.358  0  0  
4.362  0  0  
4.366  0  0  
4.37  0  0  
4.374  0  0  
4.378  0  0  
4.382  0  0  
4.386  0  0  
4.39  0  0  
4.394  0  0  
4.398  0  0  
4.402  0  0  
4.406  0  0  
4.41  0  0  
4.414  0  0  
4.418  0  0  
4.422  0  0  
4.426  0  0  
4.43  0  0  
4.434  0  0  
4.438  0  0  
4.442  0  0  
4.446  0  0  
4.45  0  0  
4.454  0  0  
4.458  0  0  
4.462  0  0  
4.466  0  0  
4.47  0  0  
4.474  0  0  
4.478  0  0  
4.482  0  0  
4.486  0  0  
4.49  0  0  
4.494  0  0  
4.498  0  0  
4.502  0  0  
4.506  0  0  
4.51  0  0  
4.514  0  0  
4.518  0  0  
4.522  0  0  
4.526  0  0  
4.53  0  0  
4.534  0  0  
4.538  0  0  
4.542  0  0  
4.546  0  0  
4.55  0  0  
4.554  0  0  
4.558  0  0  
4.562  0  0  
4.566  0  0  
4.57  0  0  
4.574  0  0  
4.578  0  0  
4.582  0  0  
4.586  0  0  
4.59  0  0  
4.594  0  0  
4.598  0  0  
4.602  0  0  
4.606  0  0  
4.61  0  0  
4.614  0  0  
4.618  0  0  
4.622  0  0  
4.626  0  0  
4.63  0  0  
4.634  0  0  
4.638  0  0  
4.642  0  0  
4.646  0  0  
4.65  0  0  
4.654  0  0  
4.658  0  0  
4.662  0  0  
4.666  0  0  
4.67  0  0  
4.674  0  0  
4.678  0  0  
4.682  0  0  
4.686  0  0  
4.69  0  0  
4.694  0  0  
4.698  0  0  
4.702  0  0  
4.706  0  0  
4.71  0  0  
4.714  0  0  
4.718  0  0  
4.722  0  0  
4.726  0  0  
4.73  0  0  
4.734  0  0  
4.738  0  0  
4.742  0  0  
4.746  0  0  
4.75  0  0  
4.754  0  0  
4.758  0  0  
4.762  0  0  
4.766  0  0  
4.77  0  0  
4.774  0  0  
4.778  0  0  
4.782  0  0  
4.786  0  0  
4.79  0  0  
4.794  0  0  
4.798  0  0  
4.802  0  0  
4.806  0  0  
4.81  0  0  
4.814  0  0  
4.818  0  0  
4.822  0  0  
4.826  0  0  
4.83  0  0  
4.834  0  0  
4.838  0  0  
4.842  0  0  
4.846  0  0  
4.85  0  0  
4.854  0  0  
4.858  0  0  
4.862  0  0  
4.866  0  0  
4.87  0  0  
4.874  0  0  
4.878  0  0  
4.882  0  0  
4.886  0  0  
4.89  0  0  
4.894  0  0  
4.898  0  0  
4.902  0  0  
4.906  0  0  
4.91  0  0  
4.914  0  0  
4.918  0  0  
4.922  0  0  
4.926  0  0  
4.93  0  0  
4.934  0  0  
4.938  0  0  
4.942  0  0  
4.946  0  0  
4.95  0  0  
4.954  0  0  
4.958  0  0  
4.962  0  0  
4.966  0  0  
4.97  0  0  
4.974  0  0  
4.978  0  0  
4.982  0  0  
4.986  0  0  
4.99  0  0  
4.994  0  0  
4.998  0  0  
5.002  0  0  
5.006  0  0  
5.01  0  0  
5.014  0  0  
5.018  0  0  
5.022  0  0  
5.026  0  0  
5.03  0  0  
5.034  0  0  
5.038  0  0  
5.042  0  0  
5.046  0  0  
5.05  0  0  
5.054  0  0  
5.058  0  0  
5.062  0  0  
5.066  0  0  
5.07  0  0  
5.074  0  0  
5.078  0  0  
5.082  0  0  
5.086  0  0  
5.09  0  0  
5.094  0  0  
5.098  0  0  
5.102  0  0  
5.106  0  0  
5.11  0  0  
5.114  0  0  
5.118  0  0  
5.122  0  0  
5.126  0  0  
5.13  0  0  
5.134  0  0  
5.138  0  0  
5.142  0  0  
5.146  0  0  
5.15  0  0  
5.154  0  0  
5.158  0  0  
5.162  0  0  
5.166  0  0  
5.17  0  0  
5.174  0  0  
5.178  0  0  
5.182  0  0  
5.186  0  0  
5.19  0  0  
5.194  0  0  
5.198  0  0  
5.202  0  0  
5.206  0  0  
5.21  0  0  
5.214  0  0  
5.218  0  0  
5.222  0  0  
5.226  0  0  
5.23  0  0  
5.234  0  0  
5.238  0  0  
5.242  0  0  
5.246  0  0  
5.25  0  0  
5.254  0  0  
5.258  0  0  
5.262  0  0  
5.266  0  0  
5.27  0  0  
5.274  0  0  
5.278  0  0  
5.282  0  0  
5.286  0  0  
5.29  0  0  
5.294  0  0  
5.298  0  0  
5.302  0  0  
5.306  0  0  
5.31  0  0  
5.314  0  0  
5.318  0  0  
5.322  0  0  
5.326  0  0  
5.33  0  0  
5.334  0  0  
5.338  0  0  
5.342  0  0  
5.346  0  0  
5.35  0  0  
5.354  0  0  
5.358  0  0  
5.362  0  0  
5.366  0  0  
5.37  0  0  
5.374  0  0  
5.378  0  0  
5.382  0  0  
5.386  0  0  
5.39  0  0  
5.394  0  0  
5.398  0  0  
5.402  0  0  
5.406  0  0  
5.41  0  0  
5.414  0  0  
5.418  0  0  
5.422  0  0  
5.426  0  0  
5.43  0  0  
5.434  0  0  
5.438  0  0  
5.442  0  0  
5.446  0  0  
5.45  0  0  
5.454  0  0  
5.458  0  0  
5.462  0  0  
5.466  0  0  
5.47  0  0  
5.474  0  0  
5.478  0  0  
5.482  0  0  
5.486  0  0  
5.49  0  0  
5.494  0  0  
5.498  0  0  
5.502  0  0  
5.506  0  0  
5.51  0  0  
5.514  0  0  
5.518  0  0  
5.522  0  0  
5.526  0  0  
5.53  0  0  
5.534  0  0  
5.538  0  0  
5.542  0  0  
5.546  0  0  
5.55  0  0  
5.554  0  0  
5.558  0  0  
5.562  0  0  
5.566  0  0  
5.57  0  0  
5.574  0  0  
5.578  0  0  
5.582  0  0  
5.586  0  0  
5.59  0  0  
5.594  0  0  
5.598  0  0  
5.602  0  0  
5.606  0  0  
5.61  0  0  
5.614  0  0  
5.618  0  0  
5.622  0  0  
5.626  0  0  
5.63  0  0  
5.634  0  0  
5.638  0  0  
5.642  0  0  
5.646  0  0  
5.65  0  0  
5.654  0  0  
5.658  0  0  
5.662  0  0  
5.666  0  0  
5.67  0  0  
5.674  0  0  
5.678  0  0  
5.682  0  0  
5.686  0  0  
5.69  0  0  
5.694  0  0  
5.698  0  0  
5.702  0  0  
5.706  0  0  
5.71  0  0  
5.714  0  0  
5.718  0  0  
5.722  0  0  
5.726  0  0  
5.73  0  0  
5.734  0  0  
5.738  0  0  
5.742  0  0  
5.746  0  0  
5.75  0  0  
5.754  0  0  
5.758  0  0  
5.762  0  0  
5.766  0  0  
5.77  0  0  
5.774  0  0  
5.778  0  0  
5.782  0  0  
5.786  0  0  
5.79  0  0  
5.794  0  0  
5.798  0  0  
5.802  0  0  
5.806  0  0  
5.81  0  0  
5.814  0  0  
5.818  0  0  
5.822  0  0  
5.826  0  0  
5.83  0  0  
5.834  0  0  
5.838  0  0  
5.842  0  0  
5.846  0  0  
5.85  0  0  
5.854  0  0  
5.858  0  0  
5.862  0  0  
5.866  0  0  
5.87  0  0  
5.874  0  0  
5.878  0  0  
5.882  0  0  
5.886  0  0  
5.89  0  0  
5.894  0  0  
5.898  0  0  
5.902  0  0  
5.906  0  0  
5.91  0  0  
5.914  0  0  
5.918  0  0  
5.922  0  0  
5.926  0  0  
5.93  0  0  
5.934  0  0  
5.938  0  0  
5.942  0  0  
5.946  0  0  
5.95  0  0  
5.954  0  0  
5.958  0  0  
5.962  0  0  
5.966  0  0  
5.97  0  0  
5.974  0  0  
5.978  0  0  
5.982  0  0  
5.986  0  0  
5.99  0  0  
5.994  0  0  
5.998  0  0  
6.002  0  0  
6.006  0  0  
6.01  0  0  
6.014  0  0  
6.018  0  0  
6.022  0  0  
6.026  0  0  
6.03  0  0  
6.034  0  0  
6.038  0  0  
6.042  0  0  
6.046  0  0  
6.05  0  0  
6.054  0  0  
6.058  0  0  
6.062  0  0  
6.066  0  0  
6.07  0  0  
6.074  0  0  
6.078  0  0  
6.082  0  0  
6.086  0  0  
6.09  0  0  
6.094  0  0  
6.098  0  0  
6.102  0  0  
6.106  0  0  
6.11  0  0  
6.114  0  0  
6.118  0  0  
6.122  0  0  
6.126  0  0  
6.13  0  0  
6.134  0  0  
6.138  0  0  
6.142  0  0  
6.146  0  0  
6.15  0  0  
6.154  0  0  
6.158  0  0  
6.162  0  0  
6.166  0  0  
6.17  0  0  
6.174  0  0  
6.178  0  0  
6.182  0  0  
6.186  0  0  
6.19  0  0  
6.194  0  0  
6.198  0  0  
6.202  0  0  
6.206  0  0  
6.21  0  0  
6.214  0  0  
6.218  0  0  
6.222  0  0  
6.226  0  0  
6.23  0  0  
6.234  0  0  
6.238  0  0  
6.242  0  0  
6.246  0  0  
6.25  0  0  
6.254  0  0  
6.258  0  0  
6.262  0  0  
6.266  0  0  
6.27  0  0  
6.274  0  0  
6.278  0  0  
6.282  0  0  
6.286  0  0  
6.29  0  0  
6.294  0  0  
6.298  0  0  
6.302  0  0  
6.306  0  0  
6.31  0  0  
6.314  0  0  
6.318  0  0  
6.322  0  0  
6.326  0  0  
6.33  0  0  
6.334  0  0  
6.338  0  0  
6.342  0  0  
6.346  0  0  
6.35  0  0  
6.354  0  0  
6.358  0  0  
6.362  0  0  
6.366  0  0  
6.37  0  0  
6.374  0  0  
6.378  0  0  
6.382  0  0  
6.386  0  0  
6.39  0  0  
6.394  0  0  
6.398  0  0  
6.402  0  0  
6.406  0  0  
6.41  0  0  
6.414  0  0  
6.418  0  0  
6.422  0  0  
6.426  0  0  
6.43  0  0  
6.434  0  0  
6.438  0  0  
6.442  0  0  
6.446  0  0  
6.45  0  0  
6.454  0  0  
6.458  0  0  
6.462  0  0  
6.466  0  0  
6.47  0  0  
6.474  0  0  
6.478  0  0  
6.482  0  0  
6.486  0  0  
6.49  0  0  
6.494  0  0  
6.498  0  0  
6.502  0  0  
6.506  0  0  
6.51  0  0  
6.514  0  0  
6.518  0  0  
6.522  0  0  
6.526  0  0  
6.53  0  0  
6.534  0  0  
6.538  0  0  
6.542  0  0  
6.546  0  0  
6.55  0  0  
6.554  0  0  
6.558  0  0  
6.562  0  0  
6.566  0  0  
6.57  0  0  
6.574  0  0  
6.578  0  0  
6.582  0  0  
6.586  0  0  
6.59  0  0  
6.594  0  0  
6.598  0  0  
6.602  0  0  
6.606  0  0  
6.61  0  0  
6.614  0  0  
6.618  0  0  
6.622  0  0  
6.626  0  0  
6.63  0  0  
6.634  0  0  
6.638  0  0  
6.642  0  0  
6.646  0  0  
6.65  0  0  
6.654  0  0  
6.658  0  0  
6.662  0  0  
6.666  0  0  
6.67  0  0  
6.674  0  0  
6.678  0  0  
6.682  0  0  
6.686  0  0  
6.69  0  0  
6.694  0  0  
6.698  0  0  
6.702  0  0  
6.706  0  0  
6.71  0  0  
6.714  0  0  
6.718  0  0  
6.722  0  0  
6.726  0  0  
6.73  0  0  
6.734  0  0  
6.738  0  0  
6.742  0  0  
6.746  0  0  
6.75  0  0  
6.754  0  0  
6.758  0  0  
6.762  0  0  
6.766  0  0  
6.77  0  0  
6.774  0  0  
6.778  0  0  
6.782  0  0  
6.786  0  0  
6.79  0  0  
6.794  0  0  
6.798  0  0  
6.802  0  0  
6.806  0  0  
6.81  0  0  
6.814  0  0  
6.818  0  0  
6.822  0  0  
6.826  0  0  
6.83  0  0  
6.834  0  0  
6.838  0  0  
6.842  0  0  
6.846  0  0  
6.85  0  0  
6.854  0  0  
6.858  0  0  
6.862  0  0  
6.866  0  0  
6.87  0  0  
6.874  0  0  
6.878  0  0  
6.882  0  0  
6.886  0  0  
6.89  0  0  
6.894  0  0  
6.898  0  0  
6.902  0  0  
6.906  0  0  
6.91  0  0  
6.914  0  0  
6.918  0  0  
6.922  0  0  
6.926  0  0  
6.93  0  0  
6.934  0  0  
6.938  0  0  
6.942  0  0  
6.946  0  0  
6.95  0  0  
6.954  0  0  
6.958  0  0  
6.962  0  0  
6.966  0  0  
6.97  0  0  
6.974  0  0  
6.978  0  0  
6.982  0  0  
6.986  0  0  
6.99  0  0  
6.994  0  0  
6.998  0  0  
7.002  0  0  
7.006  0  0  
7.01  0  0  
7.014  0  0  
7.018  0  0  
7.022  0  0  
7.026  0  0  
7.03  0  0  
7.034  0  0  
7.038  0  0  
7.042  0  0  
7.046  0  0  
7.05  0  0  
7.054  0  0  
7.058  0  0  
7.062  0  0  
7.066  0  0  
7.07  0  0  
7.074  0  0  
7.078  0  0  
7.082  0  0  
7.086  0  0  
7.09  0  0  
7.094  0  0  
7.098  0  0  
7.102  0  0  
7.106  0  0  
7.11  0  0  
7.114  0  0  
7.118  0  0  
7.122  0  0  
7.126  0  0  
7.13  0  0  
7.134  0  0  
7.138  0  0  
7.142  0  0  
7.146  0  0  
7.15  0  0  
7.154  0  0  
7.158  0  0  
7.162  0  0  
7.166  0  0  
7.17  0  0  
7.174  0  0  
7.178  0  0  
7.182  0  0  
7.186  0  0  
7.19  0  0  
7.194  0  0  
7.198  0  0  
7.202  0  0  
7.206  0  0  
7.21  0  0  
7.214  0  0  
7.218  0  0  
7.222  0  0  
7.226  0  0  
7.23  0  0  
7.234  0  0  
7.238  0  0  
7.242  0  0  
7.246  0  0  
7.25  0  0  
7.254  0  0  
7.258  0  0  
7.262  0  0  
7.266  0  0  
7.27  0  0  
7.274  0  0  
7.278  0  0  
7.282  0  0  
7.286  0  0  
7.29  0  0  
7.294  0  0  
7.298  0  0  
7.302  0  0  
7.306  0  0  
7.31  0  0  
7.314  0  0  
7.318  0  0  
7.322  0  0  
7.326  0  0  
7.33  0  0  
7.334  0  0  
7.338  0  0  
7.342  0  0  
7.346  0  0  
7.35  0  0  
7.354  0  0  
7.358  0  0  
7.362  0  0  
7.366  0  0  
7.37  0  0  
7.374  0  0  
7.378  0  0  
7.382  0  0  
7.386  0  0  
7.39  0  0  
7.394  0  0  
7.398  0  0  
7.402  0  0  
7.406  0  0  
7.41  0  0  
7.414  0  0  
7.418  0  0  
7.422  0  0  
7.426  0  0  
7.43  0  0  
7.434  0  0  
7.438  0  0  
7.442  0  0  
7.446  0  0  
7.45  0  0  
7.454  0  0  
7.458  0  0  
7.462  0  0  
7.466  0  0  
7.47  0  0  
7.474  0  0  
7.478  0  0  
7.482  0  0  
7.486  0  0  
7.49  0  0  
7.494  0  0  
7.498  0  0  
7.502  0  0  
7.506  0  0  
7.51  0  0  
7.514  0  0  
7.518  0  0  
7.522  0  0  
7.526  0  0  
7.53  0  0  
7.534  0  0  
7.538  0  0  
7.542  0  0  
7.546  0  0  
7.55  0  0  
7.554  0  0  
7.558  0  0  
7.562  0  0  
7.566  0  0  
7.57  0  0  
7.574  0  0  
7.578  0  0  
7.582  0  0  
7.586  0  0  
7.59  0  0  
7.594  0  0  
7.598  0  0  
7.602  0  0  
7.606  0  0  
7.61  0  0  
7.614  0  0  
7.618  0  0  
7.622  0  0  
7.626  0  0  
7.63  0  0  
7.634  0  0  
7.638  0  0  
7.642  0  0  
7.646  0  0  
7.65  0  0  
7.654  0  0  
7.658  0  0  
7.662  0  0  
7.666  0  0  
7.67  0  0  
7.674  0  0  
7.678  0  0  
7.682  0  0  
7.686  0  0  
7.69  0  0  
7.694  0  0  
7.698  0  0  
7.702  0  0  
7.706  0  0  
7.71  0  0  
7.714  0  0  
7.718  0  0  
7.722  0  0  
7.726  0  0  
7.73  0  0  
7.734  0  0  
7.738  0  0  
7.742  0  0  
7.746  0  0  
7.75  0  0  
7.754  0  0  
7.758  0  0  
7.762  0  0  
7.766  0  0  
7.77  0  0  
7.774  0  0  
7.778  0  0  
7.782  0  0  
7.786  0  0  
7.79  0  0  
7.794  0  0  
7.798  0  0  
7.802  0  0  
7.806  0  0  
7.81  0  0  
7.814  0  0  
7.818  0  0  
7.822  0  0  
7.826  0  0  
7.83  0  0  
7.834  0  0  
7.838  0  0  
7.842  0  0  
7.846  0  0  
7.85  0  0  
7.854  0  0  
7.858  0  0  
7.862  0  0  
7.866  0  0  
7.87  0  0  
7.874  0  0  
7.878  0  0  
7.882  0  0  
7.886  0  0  
7.89  0  0  
7.894  0  0  
7.898  0  0  
7.902  0  0  
7.906  0  0  
7.91  0  0  
7.914  0  0  
7.918  0  0  
7.922  0  0  
7.926  0  0  
7.93  0  0  
7.934  0  0  
7.938  0  0  
7.942  0  0  
7.946  0  0  
7.95  0  0  
7.954  0  0  
7.958  0  0  
7.962  0  0  
7.966  0  0  
7.97  0  0  
7.974  0  0  
7.978  0  0  
7.982  0  0  
7.986  0  0  
7.99  0  0  
7.994  0  0  
7.998  0  0  
8.002  0  0  
8.006  0  0  
8.01  0  0  
8.014  0  0  
8.018  0  0  
8.022  0  0  
8.026  0  0  
8.03  0  0  
8.034  0  0  
8.038  0  0  
8.042  0  0  
8.046  0  0  
8.05  0  0  
8.054  0  0  
8.058  0  0  
8.062  0  0  
8.066  0  0  
8.07  0  0  
8.074  0  0  
8.078  0  0  
8.082  0  0  
8.086  0  0  
8.09  0  0  
8.094  0  0  
8.098  0  0  
8.102  0  0  
8.106  0  0  
8.11  0  0  
8.114  0  0  
8.118  0  0  
8.122  0  0  
8.126  0  0  
8.13  0  0  
8.134  0  0  
8.138  0  0  
8.142  0  0  
8.146  0  0  
8.15  0  0  
8.154  0  0  
8.158  0  0  
8.162  0  0  
8.166  0  0  
8.17  0  0  
8.174  0  0  
8.178  0  0  
8.182  0  0  
8.186  0  0  
8.19  0  0  
8.194  0  0  
8.198  0  0  
8.202  0  0  
8.206  0  0  
8.21  0  0  
8.214  0  0  
8.218  0  0  
8.222  0  0  
8.226  0  0  
8.23  0  0  
8.234  0  0  
8.238  0  0  
8.242  0  0  
8.246  0  0  
8.25  0  0  
8.254  0  0  
8.258  0  0  
8.262  0  0  
8.266  0  0  
8.27  0  0  
8.274  0  0  
8.278  0  0  
8.282  0  0  
8.286  0  0  
8.29  0  0  
8.294  0  0  
8.298  0  0  
8.302  0  0  
8.306  0  0  
8.31  0  0  
8.314  0  0  
8.318  0  0  
8.322  0  0  
8.326  0  0  
8.33  0  0  
8.334  0  0  
8.338  0  0  
8.342  0  0  
8.346  0  0  
8.35  0  0  
8.354  0  0  
8.358  0  0  
8.362  0  0  
8.366  0  0  
8.37  0  0  
8.374  0  0  
8.378  0  0  
8.382  0  0  
8.386  0  0  
8.39  0  0  
8.394  0  0  
8.398  0  0  
8.402  0  0  
8.406  0  0  
8.41  0  0  
8.414  0  0  
8.418  0  0  
8.422  0  0  
8.426  0  0  
8.43  0  0  
8.434  0  0  
8.438  0  0  
8.442  0  0  
8.446  0  0  
8.45  0  0  
8.454  0  0  
8.458  0  0  
8.462  0  0  
8.466  0  0  
8.47  0  0  
8.474  0  0  
8.478  0  0  
8.482  0  0  
8.486  0  0  
8.49  0  0  
8.494  0  0  
8.498  0  0  
8.502  0  0  
8.506  0  0  
8.51  0  0  
8.514  0  0  
8.518  0  0  
8.522  0  0  
8.526  0  0  
8.53  0  0  
8.534  0  0  
8.538  0  0  
8.542  0  0  
8.546  0  0  
8.55  0  0  
8.554  0  0  
8.558  0  0  
8.562  0  0  
8.566  0  0  
8.57  0  0  
8.574  0  0  
8.578  0  0  
8.582  0  0  
8.586  0  0  
8.59  0  0  
8.594  0  0  
8.598  0  0  
8.602  0  0  
8.606  0  0  
8.61  0  0  
8.614  0  0  
8.618  0  0  
8.622  0  0  
8.626  0  0  
8.63  0  0  
8.634  0  0  
8.638  0  0  
8.642  0  0  
8.646  0  0  
8.65  0  0  
8.654  0  0  
8.658  0  0  
8.662  0  0  
8.666  0  0  
8.67  0  0  
8.674  0  0  
8.678  0  0  
8.682  0  0  
8.686  0  0  
8.69  0  0  
8.694  0  0  
8.698  0  0  
8.702  0  0  
8.706  0  0  
8.71  0  0  
8.714  0  0  
8.718  0  0  
8.722  0  0  
8.726  0  0  
8.73  0  0  
8.734  0  0  
8.738  0  0  
8.742  0  0  
8.746  0  0  
8.75  0  0  
8.754  0  0  
8.758  0  0  
8.762  0  0  
8.766  0  0  
8.77  0  0  
8.774  0  0  
8.778  0  0  
8.782  0  0  
8.786  0  0  
8.79  0  0  
8.794  0  0  
8.798  0  0  
8.802  0  0  
8.806  0  0  
8.81  0  0  
8.814  0  0  
8.818  0  0  
8.822  0  0  
8.826  0  0  
8.83  0  0  
8.834  0  0  
8.838  0  0  
8.842  0  0  
8.846  0  0  
8.85  0  0  
8.854  0  0  
8.858  0  0  
8.862  0  0  
8.866  0  0  
8.87  0  0  
8.874  0  0  
8.878  0  0  
8.882  0  0  
8.886  0  0  
8.89  0  0  
8.894  0  0  
8.898  0  0  
8.902  0  0  
8.906  0  0  
8.91  0  0  
8.914  0  0  
8.918  0  0  
8.922  0  0  
8.926  0  0  
8.93  0  0  
8.934  0  0  
8.938  0  0  
8.942  0  0  
8.946  0  0  
8.95  0  0  
8.954  0  0  
8.958  0  0  
8.962  0  0  
8.966  0  0  
8.97  0  0  
8.974  0  0  
8.978  0  0  
8.982  0  0  
8.986  0  0  
8.99  0  0  
8.994  0  0  
8.998  0  0  
9.002  0  0  
9.006  0  0  
9.01  0  0  
9.014  0  0  
9.018  0  0  
9.022  0  0  
9.026  0  0  
9.03  0  0  
9.034  0  0  
9.038  0  0  
9.042  0  0  
9.046  0  0  
9.05  0  0  
9.054  0  0  
9.058  0  0  
9.062  0  0  
9.066  0  0  
9.07  0  0  
9.074  0  0  
9.078  0  0  
9.082  0  0  
9.086  0  0  
9.09  0  0  
9.094  0  0  
9.098  0  0  
9.102  0  0  
9.106  0  0  
9.11  0  0  
9.114  0  0  
9.118  0  0  
9.122  0  0  
9.126  0  0  
9.13  0  0  
9.134  0  0  
9.138  0  0  
9.142  0  0  
9.146  0  0  
9.15  0  0  
9.154  0  0  
9.158  0  0  
9.162  0  0  
9.166  0  0  
9.17  0  0  
9.174  0  0  
9.178  0  0  
9.182  0  0  
9.186  0  0  
9.19  0  0  
9.194  0  0  
9.198  0  0  
9.202  0  0  
9.206  0  0  
9.21  0  0  
9.214  0  0  
9.218  0  0  
9.222  0  0  
9.226  0  0  
9.23  0  0  
9.234  0  0  
9.238  0  0  
9.242  0  0  
9.246  0  0  
9.25  0  0  
9.254  0  0  
9.258  0  0  
9.262  0  0  
9.266  0  0  
9.27  0  0  
9.274  0  0  
9.278  0  0  
9.282  0  0  
9.286  0  0  
9.29  0  0  
9.294  0  0  
9.298  0  0  
9.302  0  0  
9.306  0  0  
9.31  0  0  
9.314  0  0  
9.318  0  0  
9.322  0  0  
9.326  0  0  
9.33  0  0  
9.334  0  0  
9.338  0  0  
9.342  0  0  
9.346  0  0  
9.35  0  0  
9.354  0  0  
9.358  0  0  
9.362  0  0  
9.366  0  0  
9.37  0  0  
9.374  0  0  
9.378  0  0  
9.382  0  0  
9.386  0  0  
9.39  0  0  
9.394  0  0  
9.398  0  0  
9.402  0  0  
9.406  0  0  
9.41  0  0  
9.414  0  0  
9.418  0  0  
9.422  0  0  
9.426  0  0  
9.43  0  0  
9.434  0  0  
9.438  0  0  
9.442  0  0  
9.446  0  0  
9.45  0  0  
9.454  0  0  
9.458  0  0  
9.462  0  0  
9.466  0  0  
9.47  0  0  
9.474  0  0  
9.478  0  0  
9.482  0  0  
9.486  0  0  
9.49  0  0  
9.494  0  0  
9.498  0  0  
9.502  0  0  
9.506  0  0  
9.51  0  0  
9.514  0  0  
9.518  0  0  
9.522  0  0  
9.526  0  0  
9.53  0  0  
9.534  0  0  
9.538  0  0  
9.542  0  0  
9.546  0  0  
9.55  0  0  
9.554  0  0  
9.558  0  0  
9.562  0  0  
9.566  0  0  
9.57  0  0  
9.574  0  0  
9.578  0  0  
9.582  0  0  
9.586  0  0  
9.59  0  0  
9.594  0  0  
9.598  0  0  
9.602  0  0  
9.606  0  0  
9.61  0  0  
9.614  0  0  
9.618  0  0  
9.622  0  0  
9.626  0  0  
9.63  0  0  
9.634  0  0  
9.638  0  0  
9.642  0  0  
9.646  0  0  
9.65  0  0  
9.654  0  0  
9.658  0  0  
9.662  0  0  
9.666  0  0  
9.67  0  0  
9.674  0  0  
9.678  0  0  
9.682  0  0  
9.686  0  0  
9.69  0  0  
9.694  0  0  
9.698  0  0  
9.702  0  0  
9.706  0  0  
9.71  0  0  
9.714  0  0  
9.718  0  0  
9.722  0  0  
9.726  0  0  
9.73  0  0  
9.734  0  0  
9.738  0  0  
9.742  0  0  
9.746  0  0  
9.75  0  0  
9.754  0  0  
9.758  0  0  
9.762  0  0  
9.766  0  0  
9.77  0  0  
9.774  0  0  
9.778  0  0  
9.782  0  0  
9.786  0  0  
9.79  0  0  
9.794  0  0  
9.798  0  0  
9.802  0  0  
9.806  0  0  
9.81  0  0  
9.814  0  0  
9.818  0  0  
9.822  0  0  
9.826  0  0  
9.83  0  0  
9.834  0  0  
9.838  0  0  
9.842  0  0  
9.846  0  0  
9.85  0  0  
9.854  0  0  
9.858  0  0  
9.862  0  0  
9.866  0  0  
9.87  0  0  
9.874  0  0  
9.878  0  0  
9.882  0  0  
9.886  0  0  
9.89  0  0  
9.894  0  0  
9.898  0  0  
9.902  0  0  
9.906  0  0  
9.91  0  0  
9.914  0  0  
9.918  0  0  
9.922  0  0  
9.926  0  0  
9.93  0  0  
9.934  0  0  
9.938  0  0  
9.942  0  0  
9.946  0  0  
9.95  0  0  
9.954  0  0  
9.958  0  0  
9.962  0  0  
9.966  0  0  
9.97  0  0  
9.974  0  0  
9.978  0  0  
9.982  0  0  
9.986  0  0  
9.99  0  0  
9.994  0  0  
9.998  0  0  
10.002  0  0  
10.006  0  0  
10.01  0  0  
10.014  0  0  
10.018  0  0  
10.022  0  0  
10.026  0  0  
10.03  0  0  
10.034  0  0  
10.038  0  0  
10.042  0  0  
10.046  0  0  
10.05  0  0  
10.054  0  0  
10.058  0  0  
10.062  0  0  
10.066  0  0  
10.07  0  0  
10.074  0  0  
10.078  0  0  
10.082  0  0  
10.086  0  0  
10.09  0  0  
10.094  0  0  
10.098  0  0  
10.102  0  0  
10.106  0  0  
10.11  0  0  
10.114  0  0  
10.118  0  0  
10.122  0  0  
10.126  0  0  
10.13  0  0  
10.134  0  0  
10.138  0  0  
10.142  0  0  
10.146  0  0  
10.15  0  0  
10.154  0  0  
10.158  0  0  
10.162  0  0  
10.166  0  0  
10.17  0  0  
10.174  0  0  
10.178  0  0  
10.182  0  0  
10.186  0  0  
10.19  0  0  
10.194  0  0  
10.198  0  0  
10.202  0  0  
10.206  0  0  
10.21  0  0  
10.214  0  0  
10.218  0  0  
10.222  0  0  
10.226  0  0  
10.23  0  0  
10.234  0  0  
10.238  0  0  
10.242  0  0  
10.246  0  0  
10.25  0  0  
10.254  0  0  
10.258  0  0  
10.262  0  0  
10.266  0  0  
10.27  0  0  
10.274  0  0  
10.278  0  0  
10.282  0  0  
10.286  0  0  
10.29  0  0  
10.294  0  0  
10.298  0  0  
10.302  0  0  
10.306  0  0  
10.31  0  0  
10.314  0  0  
10.318  0  0  
10.322  0  0  
10.326  0  0  
10.33  0  0  
10.334  0  0  
10.338  0  0  
10.342  0  0  
10.346  0  0  
10.35  0  0  
10.354  0  0  
10.358  0  0  
10.362  0  0  
10.366  0  0  
10.37  0  0  
10.374  0  0  
10.378  0  0  
10.382  0  0  
10.386  0  0  
10.39  0  0  
10.394  0  0  
10.398  0  0  
10.402  0  0  
10.406  0  0  
10.41  0  0  
10.414  0  0  
10.418  0  0  
10.422  0  0  
10.426  0  0  
10.43  0  0  
10.434  0  0  
10.438  0  0  
10.442  0  0  
10.446  0  0  
10.45  0  0  
10.454  0  0  
10.458  0  0  
10.462  0  0  
10.466  0  0  
10.47  0  0  
10.474  0  0  
10.478  0  0  
10.482  0  0  
10.486  0  0  
10.49  0  0  
10.494  0  0  
10.498  0  0  
10.502  0  0  
10.506  0  0  
10.51  0  0  
10.514  0  0  
10.518  0  0  
10.522  0  0  
10.526  0  0  
10.53  0  0  
10.534  0  0  
10.538  0  0  
10.542  0  0  
10.546  0  0  
10.55  0  0  
10.554  0  0  
10.558  0  0  
10.562  0  0  
10.566  0  0  
10.57  0  0  
10.574  0  0  
10.578  0  0  
10.582  0  0  
10.586  0  0  
10.59  0  0  
10.594  0  0  
10.598  0  0  
10.602  0  0  
10.606  0  0  
10.61  0  0  
10.614  0  0  
10.618  0  0  
10.622  0  0  
10.626  0  0  
10.63  0  0  
10.634  0  0  
10.638  0  0  
10.642  0  0  
10.646  0  0  
10.65  0  0  
10.654  0  0  
10.658  0  0  
10.662  0  0  
10.666  0  0  
10.67  0  0  
10.674  0  0  
10.678  0  0  
10.682  0  0  
10.686  0  0  
10.69  0  0  
10.694  0  0  
10.698  0  0  
10.702  0  0  
10.706  0  0  
10.71  0  0  
10.714  0  0  
10.718  0  0  
10.722  0  0  
10.726  0  0  
10.73  0  0  
10.734  0  0  
10.738  0  0  
10.742  0  0  
10.746  0  0  
10.75  0  0  
10.754  0  0  
10.758  0  0  
10.762  0  0  
10.766  0  0  
10.77  0  0  
10.774  0  0  
10.778  0  0  
10.782  0  0  
10.786  0  0  
10.79  0  0  
10.794  0  0  
10.798  0  0  
10.802  0  0  
10.806  0  0  
10.81  0  0  
10.814  0  0  
10.818  0  0  
10.822  0  0  
10.826  0  0  
10.83  0  0  
10.834  0  0  
10.838  0  0  
10.842  0  0  
10.846  0  0  
10.85  0  0  
10.854  0  0  
10.858  0  0  
10.862  0  0  
10.866  0  0  
10.87  0  0  
10.874  0  0  
10.878  0  0  
10.882  0  0  
10.886  0  0  
10.89  0  0  
10.894  0  0  
10.898  0  0  
10.902  0  0  
10.906  0  0  
10.91  0  0  
10.914  0  0  
10.918  0  0  
10.922  0  0  
10.926  0  0  
10.93  0  0  
10.934  0  0  
10.938  0  0  
10.942  0  0  
10.946  0  0  
10.95  0  0  
10.954  0  0  
10.958  0  0  
10.962  0  0  
10.966  0  0  
10.97  0  0  
10.974  0  0  
10.978  0  0  
10.982  0  0  
10.986  0  0  
10.99  0  0  
10.994  0  0  
10.998  0  0  
11.002  0  0  
11.006  0  0  
11.01  0  0  
11.014  0  0  
11.018  0  0  
11.022  0  0  
11.026  0  0  
11.03  0  0  
11.034  0  0  
11.038  0  0  
11.042  0  0  
11.046  0  0  
11.05  0  0  
11.054  0  0  
11.058  0  0  
11.062  0  0  
11.066  0  0  
11.07  0  0  
11.074  0  0  
11.078  0  0  
11.082  0  0  
11.086  0  0  
11.09  0  0  
11.094  0  0  
11.098  0  0  
11.102  0  0  
11.106  0  0  
11.11  0  0  
11.114  0  0  
11.118  0  0  
11.122  0  0  
11.126  0  0  
11.13  0  0  
11.134  0  0  
11.138  0  0  
11.142  0  0  
11.146  0  0  
11.15  0  0  
11.154  0  0  
11.158  0  0  
11.162  0  0  
11.166  0  0  
11.17  0  0  
11.174  0  0  
11.178  0  0  
11.182  0  0  
11.186  0  0  
11.19  0  0  
11.194  0  0  
11.198  0  0  
11.202  0  0  
11.206  0  0  
11.21  0  0  
11.214  0  0  
11.218  0  0  
11.222  0  0  
11.226  0  0  
11.23  0  0  
11.234  0  0  
11.238  0  0  
11.242  0  0  
11.246  0  0  
11.25  0  0  
11.254  0  0  
11.258  0  0  
11.262  0  0  
11.266  0  0  
11.27  0  0  
11.274  0  0  
11.278  0  0  
11.282  0  0  
11.286  0  0  
11.29  0  0  
11.294  0  0  
11.298  0  0  
11.302  0  0  
11.306  0  0  
11.31  0  0  
11.314  0  0  
11.318  0  0  
11.322  0  0  
11.326  0  0  
11.33  0  0  
11.334  0  0  
11.338  0  0  
11.342  0  0  
11.346  0  0  
11.35  0  0  
11.354  0  0  
11.358  0  0  
11.362  0  0  
11.366  0  0  
11.37  0  0  
11.374  0  0  
11.378  0  0  
11.382  0  0  
11.386  0  0  
11.39  0  0  
11.394  0  0  
11.398  0  0  
11.402  0  0  
11.406  0  0  
11.41  0  0  
11.414  0  0  
11.418  0  0  
11.422  0  0  
11.426  0  0  
11.43  0  0  
11.434  0  0  
11.438  0  0  
11.442  0  0  
11.446  0  0  
11.45  0  0  
11.454  0  0  
11.458  0  0  
11.462  0  0  
11.466  0  0  
11.47  0  0  
11.474  0  0  
11.478  0  0  
11.482  0  0  
11.486  0  0  
11.49  0  0  
11.494  0  0  
11.498  0  0  
11.502  0  0  
11.506  0  0  
11.51  0  0  
11.514  0  0  
11.518  0  0  
11.522  0  0  
11.526  0  0  
11.53  0  0  
11.534  0  0  
11.538  0  0  
11.542  0  0  
11.546  0  0  
11.55  0  0  
11.554  0  0  
11.558  0  0  
11.562  0  0  
11.566  0  0  
11.57  0  0  
11.574  0  0  
11.578  0  0  
11.582  0  0  
11.586  0  0  
11.59  0  0  
11.594  0  0  
11.598  0  0  
11.602  0  0  
11.606  0  0  
11.61  0  0  
11.614  0  0  
11.618  0  0  
11.622  0  0  
11.626  0  0  
11.63  0  0  
11.634  0  0  
11.638  0  0  
11.642  0  0  
11.646  0  0  
11.65  0  0  
11.654  0  0  
11.658  0  0  
11.662  0  0  
11.666  0  0  
11.67  0  0  
11.674  0  0  
11.678  0  0  
11.682  0  0  
11.686  0  0  
11.69  0  0  
11.694  0  0  
11.698  0  0  
11.702  0  0  
11.706  0  0  
11.71  0  0  
11.714  0  0  
11.718  0  0  
11.722  0  0  
11.726  0  0  
11.73  0  0  
11.734  0  0  
11.738  0  0  
11.742  0  0  
11.746  0  0  
11.75  0  0  
11.754  0  0  
11.758  0  0  
11.762  0  0  
11.766  0  0  
11.77  0  0  
11.774  0  0  
11.778  0  0  
11.782  0  0  
11.786  0  0  
11.79  0  0  
11.794  0  0  
11.798  0  0  
11.802  0  0  
11.806  0  0  
11.81  0  0  
11.814  0  0  
11.818  0  0  
11.822  0  0  
11.826  0  0  
11.83  0  0  
11.834  0  0  
11.838  0  0  
11.842  0  0  
11.846  0  0  
11.85  0  0  
11.854  0  0  
11.858  0  0  
11.862  0  0  
11.866  0  0  
11.87  0  0  
11.874  0  0  
11.878  0  0  
11.882  0  0  
11.886  0  0  
11.89  0  0  
11.894  0  0  
11.898  0  0  
11.902  0  0  
11.906  0  0  
11.91  0  0  
11.914  0  0  
11.918  0  0  
11.922  0  0  
11.926  0  0  
11.93  0  0  
11.934  0  0  
11.938  0  0  
11.942  0  0  
11.946  0  0  
11.95  0  0  
11.954  0  0  
11.958  0  0  
11.962  0  0  
11.966  0  0  
11.97  0  0  
11.974  0  0  
11.978  0  0  
11.982  0  0  
11.986  0  0  
11.99  0  0  
11.994  0  0  
11.998  0  0  
12.002  0  0  
12.006  0  0  
12.01  0  0  
12.014  0  0  
12.018  0  0  
12.022  0  0  
12.026  0  0  
12.03  0  0  
12.034  0  0  
12.038  0  0  
12.042  0  0  
12.046  0  0  
12.05  0  0  
12.054  0  0  
12.058  0  0  
12.062  0  0  
12.066  0  0  
12.07  0  0  
12.074  0  0  
12.078  0  0  
12.082  0  0  
12.086  0  0  
12.09  0  0  
12.094  0  0  
12.098  0  0  
12.102  0  0  
12.106  0  0  
12.11  0  0  
12.114  0  0  
12.118  0  0  
12.122  0  0  
12.126  0  0  
12.13  0  0  
12.134  0  0  
12.138  0  0  
12.142  0  0  
12.146  0  0  
12.15  0  0  
12.154  0  0  
12.158  0  0  
12.162  0  0  
12.166  0  0  
12.17  0  0  
12.174  0  0  
12.178  0  0  
12.182  0  0  
12.186  0  0  
12.19  0  0  
12.194  0  0  
12.198  0  0  
12.202  0  0  
12.206  0  0  
12.21  0  0  
12.214  0  0  
12.218  0  0  
12.222  0  0  
12.226  0  0  
12.23  0  0  
12.234  0  0  
12.238  0  0  
12.242  0  0  
12.246  0  0  
12.25  0  0  
12.254  0  0  
12.258  0  0  
12.262  0  0  
12.266  0  0  
12.27  0  0  
12.274  0  0  
12.278  0  0  
12.282  0  0  
12.286  0  0  
12.29  0  0  
12.294  0  0  
12.298  0  0  
12.302  0  0  
12.306  0  0  
12.31  0  0  
12.314  0  0  
12.318  0  0  
12.322  0  0  
12.326  0  0  
12.33  0  0  
12.334  0  0  
12.338  0  0  
12.342  0  0  
12.346  0  0  
12.35  0  0  
12.354  0  0  
12.358  0  0  
12.362  0  0  
12.366  0  0  
12.37  0  0  
12.374  0  0  
12.378  0  0  
12.382  0  0  
12.386  0  0  
12.39  0  0  
12.394  0  0  
12.398  0  0  
12.402  0  0  
12.406  0  0  
12.41  0  0  
12.414  0  0  
12.418  0  0  
12.422  0  0  
12.426  0  0  
12.43  0  0  
12.434  0  0  
12.438  0  0  
12.442  0  0  
12.446  0  0  
12.45  0  0  
12.454  0  0  
12.458  0  0  
12.462  0  0  
12.466  0  0  
12.47  0  0  
12.474  0  0  
12.478  0  0  
12.482  0  0  
12.486  0  0  
12.49  0  0  
12.494  0  0  
12.498  0  0  
12.502  0  0  
12.506  0  0  
12.51  0  0  
12.514  0  0  
12.518  0  0  
12.522  0  0  
12.526  0  0  
12.53  0  0  
12.534  0  0  
12.538  0  0  
12.542  0  0  
12.546  0  0  
12.55  0  0  
12.554  0  0  
12.558  0  0  
12.562  0  0  
12.566  0  0  
12.57  0  0  
12.574  0  0  
12.578  0  0  
12.582  0  0  
12.586  0  0  
12.59  0  0  
12.594  0  0  
12.598  0  0  
12.602  0  0  
12.606  0  0  
12.61  0  0  
12.614  0  0  
12.618  0  0  
12.622  0  0  
12.626  0  0  
12.63  0  0  
12.634  0  0  
12.638  0  0  
12.642  0  0  
12.646  0  0  
12.65  0  0  
12.654  0  0  
12.658  0  0  
12.662  0  0  
12.666  0  0  
12.67  0  0  
12.674  0  0  
12.678  0  0  
12.682  0  0  
12.686  0  0  
12.69  0  0  
12.694  0  0  
12.698  0  0  
12.702  0  0  
12.706  0  0  
12.71  0  0  
12.714  0  0  
12.718  0  0  
12.722  0  0  
12.726  0  0  
12.73  0  0  
12.734  0  0  
12.738  0  0  
12.742  0  0  
12.746  0  0  
12.75  0  0  
12.754  0  0  
12.758  0  0  
12.762  0  0  
12.766  0  0  
12.77  0  0  
12.774  0  0  
12.778  0  0  
12.782  0  0  
12.786  0  0  
12.79  0  0  
12.794  0  0  
12.798  0  0  
12.802  0  0  
12.806  0  0  
12.81  0  0  
12.814  0  0  
12.818  0  0  
12.822  0  0  
12.826  0  0  
12.83  0  0  
12.834  0  0  
12.838  0  0  
12.842  0  0  
12.846  0  0  
12.85  0  0  
12.854  0  0  
12.858  0  0  
12.862  0  0  
12.866  0  0  
12.87  0  0  
12.874  0  0  
12.878  0  0  
12.882  0  0  
12.886  0  0  
12.89  0  0  
12.894  0  0  
12.898  0  0  
12.902  0  0  
12.906  0  0  
12.91  0  0  
12.914  0  0  
12.918  0  0  
12.922  0  0  
12.926  0  0  
12.93  0  0  
12.934  0  0  
12.938  0  0  
12.942  0  0  
12.946  0  0  
12.95  0  0  
12.954  0  0  
12.958  0  0  
12.962  0  0  
12.966  0  0  
12.97  0  0  
12.974  0  0  
12.978  0  0  
12.982  0  0  
12.986  0  0  
12.99  0  0  
12.994  0  0  
12.998  0  0  
13.002  0  0  
13.006  0  0  
13.01  0  0  
13.014  0  0  
13.018  0  0  
13.022  0  0  
13.026  0  0  
13.03  0  0  
13.034  0  0  
13.038  0  0  
13.042  0  0  
13.046  0  0  
13.05  0  0  
13.054  0  0  
13.058  0  0  
13.062  0  0  
13.066  0  0  
13.07  0  0  
13.074  0  0  
13.078  0  0  
13.082  0  0  
13.086  0  0  
13.09  0  0  
13.094  0  0  
13.098  0  0  
13.102  0  0  
13.106  0  0  
13.11  0  0  
13.114  0  0  
13.118  0  0  
13.122  0  0  
13.126  0  0  
13.13  0  0  
13.134  0  0  
13.138  0  0  
13.142  0  0  
13.146  0  0  
13.15  0  0  
13.154  0  0  
13.158  0  0  
13.162  0  0  
13.166  0  0  
13.17  0  0  
13.174  0  0  
13.178  0  0  
13.182  0  0  
13.186  0  0  
13.19  0  0  
13.194  0  0  
13.198  0  0  
13.202  0  0  
13.206  0  0  
13.21  0  0  
13.214  0  0  
13.218  0  0  
13.222  0  0  
13.226  0  0  
13.23  0  0  
13.234  0  0  
13.238  0  0  
13.242  0  0  
13.246  0  0  
13.25  0  0  
13.254  0  0  
13.258  0  0  
13.262  0  0  
13.266  0  0  
13.27  0  0  
13.274  0  0  
13.278  0  0  
13.282  0  0  
13.286  0  0  
13.29  0  0  
13.294  0  0  
13.298  0  0  
13.302  0  0  
13.306  0  0  
13.31  0  0  
13.314  0  0  
13.318  0  0  
13.322  0  0  
13.326  0  0  
13.33  0  0  
13.334  0  0  
13.338  0  0  
13.342  0  0  
13.346  0  0  
13.35  0  0  
13.354  0  0  
13.358  0  0  
13.362  0  0  
13.366  0  0  
13.37  0  0  
13.374  0  0  
13.378  0  0  
13.382  0  0  
13.386  0  0  
13.39  0  0  
13.394  0  0  
13.398  0  0  
13.402  0  0  
13.406  0  0  
13.41  0  0  
13.414  0  0  
13.418  0  0  
13.422  0  0  
13.426  0  0  
13.43  0  0  
13.434  0  0  
13.438  0  0  
13.442  0  0  
13.446  0  0  
13.45  0  0  
13.454  0  0  
13.458  0  0  
13.462  0  0  
13.466  0  0  
13.47  0  0  
13.474  0  0  
13.478  0  0  
13.482  0  0  
13.486  0  0  
13.49  0  0  
13.494  0  0  
13.498  0  0  
13.502  0  0  
13.506  0  0  
13.51  0  0  
13.514  0  0  
13.518  0  0  
13.522  0  0  
13.526  0  0  
13.53  0  0  
13.534  0  0  
13.538  0  0  
13.542  0  0  
13.546  0  0  
13.55  0  0  
13.554  0  0  
13.558  0  0  
13.562  0  0  
13.566  0  0  
13.57  0  0  
13.574  0  0  
13.578  0  0  
13.582  0  0  
13.586  0  0  
13.59  0  0  
13.594  0  0  
13.598  0  0  
13.602  0  0  
13.606  0  0  
13.61  0  0  
13.614  0  0  
13.618  0  0  
13.622  0  0  
13.626  0  0  
13.63  0  0  
13.634  0  0  
13.638  0  0  
13.642  0  0  
13.646  0  0  
13.65  0  0  
13.654  0  0  
13.658  0  0  
13.662  0  0  
13.666  0  0  
13.67  0  0  
13.674  0  0  
13.678  0  0  
13.682  0  0  
13.686  0  0  
13.69  0  0  
13.694  0  0  
13.698  0  0  
13.702  0  0  
13.706  0  0  
13.71  0  0  
13.714  0  0  
13.718  0  0  
13.722  0  0  
13.726  0  0  
13.73  0  0  
13.734  0  0  
13.738  0  0  
13.742  0  0  
13.746  0  0  
13.75  0  0  
13.754  0  0  
13.758  0  0  
13.762  0  0  
13.766  0  0  
13.77  0  0  
13.774  0  0  
13.778  0  0  
13.782  0  0  
13.786  0  0  
13.79  0  0  
13.794  0  0  
13.798  0  0  
13.802  0  0  
13.806  0  0  
13.81  0  0  
13.814  0  0  
13.818  0  0  
13.822  0  0  
13.826  0  0  
13.83  0  0  
13.834  0  0  
13.838  0  0  
13.842  0  0  
13.846  0  0  
13.85  0  0  
13.854  0  0  
13.858  0  0  
13.862  0  0  
13.866  0  0  
13.87  0  0  
13.874  0  0  
13.878  0  0  
13.882  0  0  
13.886  0  0  
13.89  0  0  
13.894  0  0  
13.898  0  0  
13.902  0  0  
13.906  0  0  
13.91  0  0  
13.914  0  0  
13.918  0  0  
13.922  0  0  
13.926  0  0  
13.93  0  0  
13.934  0  0  
13.938  0  0  
13.942  0  0  
13.946  0  0  
13.95  0  0  
13.954  0  0  
13.958  0  0  
13.962  0  0  
13.966  0  0  
13.97  0  0  
13.974  0  0  
13.978  0  0  
13.982  0  0  
13.986  0  0  
13.99  0  0  
13.994  0  0  
13.998  0  0  
14.002  0  0  
14.006  0  0  
14.01  0  0  
14.014  0  0  
14.018  0  0  
14.022  0  0  
14.026  0  0  
14.03  0  0  
14.034  0  0  
14.038  0  0  
14.042  0  0  
14.046  0  0  
14.05  0  0  
14.054  0  0  
14.058  0  0  
14.062  0  0  
14.066  0  0  
14.07  0  0  
14.074  0  0  
14.078  0  0  
14.082  0  0  
14.086  0  0  
14.09  0  0  
14.094  0  0  
14.098  0  0  
14.102  0  0  
14.106  0  0  
14.11  0  0  
14.114  0  0  
14.118  0  0  
14.122  0  0  
14.126  0  0  
14.13  0  0  
14.134  0  0  
14.138  0  0  
14.142  0  0  
14.146  0  0  
14.15  0  0  
14.154  0  0  
14.158  0  0  
14.162  0  0  
14.166  0  0  
14.17  0  0  
14.174  0  0  
14.178  0  0  
14.182  0  0  
14.186  0  0  
14.19  0  0  
14.194  0  0  
14.198  0  0  
14.202  0  0  
14.206  0  0  
14.21  0  0  
14.214  0  0  
14.218  0  0  
14.222  0  0  
14.226  0  0  
14.23  0  0  
14.234  0  0  
14.238  0  0  
14.242  0  0  
14.246  0  0  
14.25  0  0  
14.254  0  0  
14.258  0  0  
14.262  0  0  
14.266  0  0  
14.27  0  0  
14.274  0  0  
14.278  0  0  
14.282  0  0  
14.286  0  0  
14.29  0  0  
14.294  0  0  
14.298  0  0  
14.302  0  0  
14.306  0  0  
14.31  0  0  
14.314  0  0  
14.318  0  0  
14.322  0  0  
14.326  0  0  
14.33  0  0  
14.334  0  0  
14.338  0  0  
14.342  0  0  
14.346  0  0  
14.35  0  0  
14.354  0  0  
14.358  0  0  
14.362  0  0  
14.366  0  0  
14.37  0  0  
14.374  0  0  
14.378  0  0  
14.382  0  0  
14.386  0  0  
14.39  0  0  
14.394  0  0  
14.398  0  0  
14.402  0  0  
14.406  0  0  
14.41  0  0  
14.414  0  0  
14.418  0  0  
14.422  0  0  
14.426  0  0  
14.43  0  0  
14.434  0  0  
14.438  0  0  
14.442  0  0  
14.446  0  0  
14.45  0  0  
14.454  0  0  
14.458  0  0  
14.462  0  0  
14.466  0  0  
14.47  0  0  
14.474  0  0  
14.478  0  0  
14.482  0  0  
14.486  0  0  
14.49  0  0  
14.494  0  0  
14.498  0  0  
14.502  0  0  
14.506  0  0  
14.51  0  0  
14.514  0  0  
14.518  0  0  
14.522  0  0  
14.526  0  0  
14.53  0  0  
14.534  0  0  
14.538  0  0  
14.542  0  0  
14.546  0  0  
14.55  0  0  
14.554  0  0  
14.558  0  0  
14.562  0  0  
14.566  0  0  
14.57  0  0  
14.574  0  0  
14.578  0  0  
14.582  0  0  
14.586  0  0  
14.59  0  0  
14.594  0  0  
14.598  0  0  
14.602  0  0  
14.606  0  0  
14.61  0  0  
14.614  0  0  
14.618  0  0  
14.622  0  0  
14.626  0  0  
14.63  0  0  
14.634  0  0  
14.638  0  0  
14.642  0  0  
14.646  0  0  
14.65  0  0  
14.654  0  0  
14.658  0  0  
14.662  0  0  
14.666  0  0  
14.67  0  0  
14.674  0  0  
14.678  0  0  
14.682  0  0  
14.686  0  0  
14.69  0  0  
14.694  0  0  
14.698  0  0  
14.702  0  0  
14.706  0  0  
14.71  0  0  
14.714  0  0  
14.718  0  0  
14.722  0  0  
14.726  0  0  
14.73  0  0  
14.734  0  0  
14.738  0  0  
14.742  0  0  
14.746  0  0  
14.75  0  0  
14.754  0  0  
14.758  0  0  
14.762  0  0  
14.766  0  0  
14.77  0  0  
14.774  0  0  
14.778  0  0  
14.782  0  0  
14.786  0  0  
14.79  0  0  
14.794  0  0  
14.798  0  0  
14.802  0  0  
14.806  0  0  
14.81  0  0  
14.814  0  0  
14.818  0  0  
14.822  0  0  
14.826  0  0  
14.83  0  0  
14.834  0  0  
14.838  0  0  
14.842  0  0  
14.846  0  0  
14.85  0  0  
14.854  0  0  
14.858  0  0  
14.862  0  0  
14.866  0  0  
14.87  0  0  
14.874  0  0  
14.878  0  0  
14.882  0  0  
14.886  0  0  
14.89  0  0  
14.894  0  0  
14.898  0  0  
14.902  0  0  
14.906  0  0  
14.91  0  0  
14.914  0  0  
14.918  0  0  
14.922  0  0  
14.926  0  0  
14.93  0  0  
14.934  0  0  
14.938  0  0  
14.942  0  0  
14.946  0  0  
14.95  0  0  
14.954  0  0  
14.958  0  0  
14.962  0  0  
14.966  0  0  
14.97  0  0  
14.974  0  0  
14.978  0  0  
14.982  0  0  
14.986  0  0  
14.99  0  0  
14.994  0  0  
14.998  0  0  
15.002  0  0  
15.006  0  0  
15.01  0  0  
15.014  0  0  
15.018  0  0  
15.022  0  0  
15.026  0  0  
15.03  0  0  
15.034  0  0  
15.038  0  0  
15.042  0  0  
15.046  0  0  
15.05  0  0  
15.054  0  0  
15.058  0  0  
15.062  0  0  
15.066  0  0  
15.07  0  0  
15.074  0  0  
15.078  0  0  
15.082  0  0  
15.086  0  0  
15.09  0  0  
15.094  0  0  
15.098  0  0  
15.102  0  0  
15.106  0  0  
15.11  0  0  
15.114  0  0  
15.118  0  0  
15.122  0  0  
15.126  0  0  
15.13  0  0  
15.134  0  0  
15.138  0  0  
15.142  0  0  
15.146  0  0  
15.15  0  0  
15.154  0  0  
15.158  0  0  
15.162  0  0  
15.166  0  0  
15.17  0  0  
15.174  0  0  
15.178  0  0  
15.182  0  0  
15.186  0  0  
15.19  0  0  
15.194  0  0  
15.198  0  0  
15.202  0  0  
15.206  0  0  
15.21  0  0  
15.214  0  0  
15.218  0  0  
15.222  0  0  
15.226  0  0  
15.23  0  0  
15.234  0  0  
15.238  0  0  
15.242  0  0  
15.246  0  0  
15.25  0  0  
15.254  0  0  
15.258  0  0  
15.262  0  0  
15.266  0  0  
15.27  0  0  
15.274  0  0  
15.278  0  0  
15.282  0  0  
15.286  0  0  
15.29  0  0  
15.294  0  0  
15.298  0  0  
15.302  0  0  
15.306  0  0  
15.31  0  0  
15.314  0  0  
15.318  0  0  
15.322  0  0  
15.326  0  0  
15.33  0  0  
15.334  0  0  
15.338  0  0  
15.342  0  0  
15.346  0  0  
15.35  0  0  
15.354  0  0  
15.358  0  0  
15.362  0  0  
15.366  0  0  
15.37  0  0  
15.374  0  0  
15.378  0  0  
15.382  0  0  
15.386  0  0  
15.39  0  0  
15.394  0  0  
15.398  0  0  
15.402  0  0  
15.406  0  0  
15.41  0  0  
15.414  0  0  
15.418  0  0  
15.422  0  0  
15.426  0  0  
15.43  0  0  
15.434  0  0  
15.438  0  0  
15.442  0  0  
15.446  0  0  
15.45  0  0  
15.454  0  0  
15.458  0  0  
15.462  0  0  
15.466  0  0  
15.47  0  0  
15.474  0  0  
15.478  0  0  
15.482  0  0  
15.486  0  0  
15.49  0  0  
15.494  0  0  
15.498  0  0  
15.502  0  0  
15.506  0  0  
15.51  0  0  
15.514  0  0  
15.518  0  0  
15.522  0  0  
15.526  0  0  
15.53  0  0  
15.534  0  0  
15.538  0  0  
15.542  0  0  
15.546  0  0  
15.55  0  0  
15.554  0  0  
15.558  0  0  
15.562  0  0  
15.566  0  0  
15.57  0  0  
15.574  0  0  
15.578  0  0  
15.582  0  0  
15.586  0  0  
15.59  0  0  
15.594  0  0  
15.598  0  0  
15.602  0  0  
15.606  0  0  
15.61  0  0  
15.614  0  0  
15.618  0  0  
15.622  0  0  
15.626  0  0  
15.63  0  0  
15.634  0  0  
15.638  0  0  
15.642  0  0  
15.646  0  0  
15.65  0  0  
15.654  0  0  
15.658  0  0  
15.662  0  0  
15.666  0  0  
15.67  0  0  
15.674  0  0  
15.678  0  0  
15.682  0  0  
15.686  0  0  
15.69  0  0  
15.694  0  0  
15.698  0  0  
15.702  0  0  
15.706  0  0  
15.71  0  0  
15.714  0  0  
15.718  0  0  
15.722  0  0  
15.726  0  0  
15.73  0  0  
15.734  0  0  
15.738  0  0  
15.742  0  0  
15.746  0  0  
15.75  0  0  
15.754  0  0  
15.758  0  0  
15.762  15573.3  0  
15.766  15573.3  0  
15.77  15573.3  0  
15.774  15573.3  0  
15.778  15573.3  0  
15.782  15573.3  0  
15.786  15573.3  0  
15.79  15573.3  0  
15.794  15573.3  0  
15.798  15573.3  0  
15.802  15573.3  0  
15.806  15573.3  0  
15.81  15573.3  0  
15.814  15573.3  0  
15.818  15573.3  0  
15.822  15573.3  0  
15.826  15573.3  0  
15.83  15573.3  0  
15.834  15573.3  0  
15.838  15573.3  0  
15.842  15573.3  0  
15.846  15573.3  0  
15.85  15573.3  0  
15.854  15573.3  0  
15.858  15573.3  0  
15.862  15573.3  0  
15.866  15573.3  0  
15.87  15573.3  0  
15.874  15573.3  0  
15.878  15573.3  0  
15.882  15573.3  0  
15.886  15573.3  0  
15.89  15573.3  0  
15.894  15573.3  0  
15.898  15573.3  0  
15.902  15573.3  0  
15.906  15573.3  0  
15.91  15573.3  0  
15.914  15573.3  0  
15.918  15573.3  0  
15.922  15573.3  0  
15.926  15573.3  0  
15.93  15573.3  0  
15.934  15573.3  0  
15.938  24415.2  0  
15.942  24411  0  
15.946  24406.9  0  
15.95  24402.9  0  
15.954  24398.9  0  
15.958  24394.9  0  
15.962  24391  0  
15.966  24387.2  0  
15.97  24383.4  0  
15.974  24379.6  0  
15.978  24375.9  0  
15.982  24372.3  0  
15.986  24368.7  0  
15.99  24365.1  0  
15.994  24361.6  0  
15.998  24358.2  0  
16.002  24354.8  0  
16.006  24351.4  0  
16.01  24348.1  0  
16.014  24344.9  0  
16.018  24341.7  0  
16.022  24338.5  0  
16.026  24335.4  0  
16.03  24332.3  0  
16.034  24329.3  0  
16.038  24326.3  0  
16.042  24323.4  0  
16.046  24320.5  0  
16.05  24317.7  0  
16.054  24314.9  0  
16.058  24312.2  0  
16.062  24309.5  0  
16.066  24306.8  0  
16.07  24304.2  0  
16.074  24301.6  0  
16.078  24299.1  0  
16.082  24296.7  0  
16.086  24294.2  0  
16.09  24291.9  0  
16.094  24289.5  0  
16.098  24287.2  0  
16.102  24285  0  
16.106  24282.8  0  
16.11  24280.6  0  
16.114  24278.5  0  
16.118  24276.4  0  
16.122  24274.4  0  
16.126  24272.4  0  
16.13  24270.4  0  
16.134  24268.5  0  
16.138  24266.6  0  
16.142  24264.8  0  
16.146  24263  0  
16.15  24261.3  0  
16.154  24259.6  0  
16.158  24257.9  0  
16.162  24256.3  0  
16.166  24254.7  0  
16.17  24253.2  0  
16.174  24251.7  0  
16.178  24250.2  0  
16.182  24248.8  0  
16.186  24247.5  0  
16.19  24246.1  0  
16.194  24244.8  0  
16.198  24243.6  0  
16.202  24242.3  0  
16.206  24241.2  0  
16.21  24240  0  
16.214  24238.9  0  
16.218  24237.8  0  
16.222  24236.8  0  
16.226  24235.8  0  
16.23  24234.9  0  
16.234  24234  0  
16.238  24233.1  0  
16.242  24232.3  0  
16.246  24231.5  0  
16.25  24230.7  0  
16.254  24230  0  
16.258  24229.3  0  
16.262  24228.6  0  
16.266  24228  0  
16.27  24227.4  0  
16.274  24226.9  0  
16.278  24226.4  0  
16.282  24225.9  0  
16.286  24225.4  0  
16.29  24225  0  
16.294  24224.7  0  
16.298  24224.3  0  
16.302  24224  0  
16.306  24223.8  0  
16.31  24223.6  0  
16.314  24223.4  0  
16.318  24223.2  0  
16.322  24223.1  0  
16.326  24223  0  
16.33  24222.9  0  
16.334  24222.9  0  
16.338  24222.9  0  
16.342  24222.9  0  
16.346  24223  0  
16.35  24223.1  0  
16.354  24223.3  0  
16.358  24223.4  0  
16.362  24223.6  0  
16.366  24223.9  0  
16.37  24224.2  0  
16.374  24224.5  0  
16.378  24224.8  0  
16.382  24225.2  0  
16.386  24225.6  0  
16.39  24226  0  
16.394  24226.4  0  
16.398  24226.9  0  
16.402  24227.5  0  
16.406  24228  0  
16.41  24228.6  0  
16.414  24229.2  0  
16.418  24229.9  0  
16.422  24230.5  0  
16.426  24231.2  0  
16.43  24232  0  
16.434  24232.7  0  
16.438  24233.5  0  
16.442  24234.4  0  
16.446  24235.2  0  
16.45  24236.1  0  
16.454  24237  0  
16.458  24237.9  0  
16.462  24238.9  0  
16.466  24239.9  0  
16.47  24240.9  0  
16.474  24242  0  
16.478  24243.1  0  
16.482  24244.2  0  
16.486  24245.3  0  
16.49  24246.5  0  
16.494  24247.7  0  
16.498  24248.9  0  
16.502  24250.2  0  
16.506  24251.4  0  
16.51  24252.7  0  
16.514  24254.1  0  
16.518  24255.4  0  
16.522  24256.8  0  
16.526  24258.2  0  
16.53  24259.7  0  
16.534  24261.1  0  
16.538  24262.6  0  
16.542  24264.1  0  
16.546  24265.7  0  
16.55  24267.2  0  
16.554  24268.8  0  
16.558  24270.5  0  
16.562  24272.1  0  
16.566  24273.8  0  
16.57  24275.5  0  
16.574  24277.2  0  
16.578  24278.9  0  
16.582  24280.7  0  
16.586  24282.5  0  
16.59  24284.3  0  
16.594  24286.2  0  
16.598  24288  0  
16.602  24289.9  0  
16.606  24291.8  0  
16.61  24293.8  0  
16.614  24295.7  0  
16.618  24297.7  0  
16.622  24299.7  0  
16.626  24301.8  0  
16.63  24303.8  0  
16.634  24305.9  0  
16.638  24308  0  
16.642  24310.1  0  
16.646  24312.3  0  
16.65  24314.5  0  
16.654  24316.7  0  
16.658  24318.9  0  
16.662  24321.1  0  
16.666  24323.4  0  
16.67  24325.7  0  
16.674  24328  0  
16.678  24330.3  0  
16.682  24332.6  0  
16.686  24335  0  
16.69  24337.4  0  
16.694  24339.8  0  
16.698  24342.2  0  
16.702  24344.7  0  
16.706  24347.2  0  
16.71  24349.7  0  
16.714  24352.2  0  
16.718  24354.7  0  
16.722  24357.3  0  
16.726  24359.9  0  
16.73  24362.5  0  
16.734  24365.1  0  
16.738  24367.7  0  
16.742  24370.4  0  
16.746  24373.1  0  
16.75  24375.8  0  
16.754  24378.5  0  
16.758  24381.2  0  
16.762  24384  0  
16.766  24386.8  0  
16.77  24389.6  0  
16.774  24392.4  0  
16.778  24395.2  0  
16.782  24398.1  0  
16.786  24400.9  0  
16.79  24403.8  0  
16.794  24406.7  0  
16.798  24409.7  0  
16.802  24412.6  0  
16.806  24415.6  0  
16.81  24418.6  0  
16.814  24421.6  0  
16.818  24424.6  0  
16.822  24427.6  0  
16.826  24430.7  0  
16.83  24433.7  0  
16.834  24436.8  0  
16.838  24439.9  0  
16.842  24443  0  
16.846  24446.2  0  
16.85  24449.3  0  
16.854  24452.5  0  
16.858  24455.7  0  
16.862  24458.9  0  
16.866  24462.1  0  
16.87  24465.4  0  
16.874  24468.6  0  
16.878  24471.9  0  
16.882  24475.2  0  
16.886  24478.5  0  
16.89  24481.8  0  
16.894  24485.2  0  
16.898  24488.5  0  
16.902  24491.9  0  
16.906  24495.3  0  
16.91  24498.7  0  
16.914  24502.1  0  
16.918  24505.5  0  
16.922  24509  0  
16.926  24512.5  0  
16.93  24515.9  0  
16.934  24519.4  0  
16.938  24522.9  0  
16.942  24526.5  0  
16.946  24530  0  
16.95  24533.5  0  
16.954  24537.1  0  
16.958  24540.7  0  
16.962  24544.3  0  
16.966  24547.9  0  
16.97  24551.5  0  
16.974  24555.2  0  
16.978  24558.8  0  
16.982  24562.5  0  
16.986  24566.2  0  
16.99  24569.9  0  
16.994  24573.6  0  
16.998  24577.3  0  
17.002  24581  0  
17.006  24584.8  0  
17.01  24588.5  0  
17.014  24592.3  0  
17.018  24596.1  0  
17.022  24599.9  0  
17.026  24603.7  0  
17.03  24607.5  0  
17.034  24611.4  0  
17.038  24615.2  0  
17.042  24619.1  0  
17.046  24623  0  
17.05  24626.8  0  
17.054  24630.7  0  
17.058  24634.7  0  
17.062  24638.6  0  
17.066  24642.5  0  
17.07  24646.5  0  
17.074  24650.4  0  
17.078  24654.4  0  
17.082  24658.4  0  
17.086  24662.4  0  
17.09  24666.4  0  
17.094  24670.4  0  
17.098  24674.4  0  
17.102  24678.5  0  
17.106  24682.5  0  
17.11  24686.6  0  
17.114  24690.7  0  
17.118  24694.8  0  
17.122  24698.9  0  
17.126  24703  0  
17.13  24707.1  0  
17.134  24711.2  0  
17.138  24715.3  0  
17.142  24719.5  0  
17.146  24723.7  0  
17.15  24727.8  0  
17.154  24732  0  
17.158  24736.2  0  
17.162  24740.4  0  
17.166  24744.6  0  
17.17  24748.8  0  
17.174  24753.1  0  
17.178  24757.3  0  
17.182  24761.6  0  
17.186  24765.8  0  
17.19  24770.1  0  
17.194  24774.4  0  
17.198  24778.7  0  
17.202  24783  0  
17.206  24787.3  0  
17.21  24791.6  0  
17.214  24795.9  0  
17.218  24800.2  0  
17.222  24804.6  0  
17.226  24808.9  0  
17.23  24813.3  0  
17.234  24817.7  0  
17.238  24822  0  
17.242  24826.4  0  
17.246  24830.8  0  
17.25  24835.2  0  
17.254  24839.6  0  
17.258  24844.1  0  
17.262  24848.5  0  
17.266  24852.9  0  
17.27  24857.4  0  
17.274  24861.8  0  
17.278  24866.3  0  
17.282  24870.8  0  
17.286  24875.2  0  
17.29  24879.7  0  
17.294  24884.2  0  
17.298  24888.7  0  
17.302  24893.2  0  
17.306  24897.7  0  
17.31  24902.3  0  
17.314  24906.8  0  
17.318  24911.3  0  
17.322  24915.9  0  
17.326  24920.4  0  
17.33  24925  0  
17.334  24929.5  0  
17.338  24934.1  0  
17.342  24938.7  0  
17.346  24943.3  0  
17.35  24947.9  0  
17.354  24952.5  0  
17.358  24957.1  0  
17.362  24961.7  0  
17.366  24966.3  0  
17.37  24970.9  0  
17.374  24975.6  0  
17.378  24980.2  0  
17.382  24984.8  0  
17.386  24989.5  0  
17.39  24994.1  0  
17.394  24998.8  0  
17.398  25003.5  0  
17.402  25008.1  0  
17.406  25012.8  0  
17.41  25017.5  0  
17.414  25022.2  0  
17.418  25026.9  0  
17.422  25031.6  0  
17.426  25036.3  0  
17.43  25041  0  
17.434  25045.7  0  
17.438  25050.5  0  
17.442  25055.2  0  
17.446  25059.9  0  
17.45  25064.7  0  
17.454  25069.4  0  
17.458  25074.2  0  
17.462  25078.9  0  
17.466  25083.7  0  
17.47  25088.4  0  
17.474  25093.2  0  
17.478  25098  0  
17.482  25102.8  0  
17.486  25107.5  0  
17.49  25112.3  0  
17.494  25117.1  0  
17.498  25121.9  0  
17.502  25126.7  0  
17.506  25131.5  0  
17.51  25136.3  0  
17.514  25141.2  0  
17.518  25146  0  
17.522  25150.8  0  
17.526  25155.6  0  
17.53  25160.5  0  
17.534  25165.3  0  
17.538  25170.1  0  
17.542  25175  0  
17.546  25179.8  0  
17.55  25184.7  0  
17.554  25189.5  0  
17.558  25194.4  0  
17.562  25199.2  0  
17.566  25204.1  0  
17.57  25209  0  
17.574  25213.8  0  
17.578  25218.7  0  
17.582  25223.6  0  
17.586  25228.5  0  
17.59  25233.3  0  
17.594  25238.2  0  
17.598  25243.1  0  
17.602  25248  0  
17.606  25252.9  0  
17.61  25257.8  0  
17.614  25262.7  0  
17.618  25267.6  0  
17.622  25272.5  0  
17.626  25277.4  0  
17.63  25282.3  0  
17.634  25287.3  0  
17.638  25292.2  0  
17.642  25297.1  0  
17.646  25302  0  
17.65  25306.9  0  
17.654  25311.9  0  
17.658  25316.8  0  
17.662  25321.7  0  
17.666  25326.7  0  
17.67  25331.6  0  
17.674  25336.5  0  
17.678  25341.5  0  
17.682  25346.4  0  
17.686  25351.4  0  
17.69  25356.3  0  
17.694  25361.3  0  
17.698  25366.2  0  
17.702  25371.2  0  
17.706  25376.1  0  
17.71  25381.1  0  
17.714  25386  0  
17.718  25391  0  
17.722  25395.9  0  
17.726  25400.9  0  
17.73  25405.9  0  
17.734  25410.8  0  
17.738  25415.8  0  
17.742  25420.8  0  
17.746  25425.7  0  
17.75  25430.7  0  
17.754  25435.7  0  
17.758  25440.7  0  
17.762  25445.6  0  
17.766  25450.6  0  
17.77  25455.6  0  
17.774  25460.5  0  
17.778  25465.5  0  
17.782  25470.5  0  
17.786  25475.5  0  
17.79  25480.5  0  
17.794  25485.4  0  
17.798  25490.4  0  
17.802  25495.4  0  
17.806  25500.4  0  
17.81  25505.4  0  
17.814  25510.3  0  
17.818  25515.3  0  
17.822  25520.3  0  
17.826  25525.3  0  
17.83  25530.3  0  
17.834  25535.3  0  
17.838  25540.3  0  
17.842  25545.2  0  
17.846  25550.2  0  
17.85  25555.2  0  
17.854  25560.2  0  
17.858  25565.2  0  
17.862  25570.2  0  
17.866  25575.2  0  
17.87  25580.1  0  
17.874  25585.1  0  
17.878  25590.1  0  
17.882  25595.1  0  
17.886  25600.1  0  
17.89  25605.1  0  
17.894  25610.1  0  
17.898  25615  0  
17.902  25620  0  
17.906  25625  0  
17.91  25630  0  
17.914  25635  0  
17.918  25639.9  0  
17.922  25644.9  0  
17.926  25649.9  0  
17.93  25654.9  0  
17.934  25659.9  0  
17.938  25664.8  0  
17.942  25669.8  0  
17.946  25674.8  0  
17.95  25679.8  0  
17.954  25684.8  0  
17.958  25689.7  0  
17.962  25694.7  0  
17.966  25699.7  0  
17.97  25704.6  0  
17.974  25709.6  0  
17.978  25714.6  0  
17.982  25719.6  0  
17.986  25724.5  0  
17.99  25729.5  0  
17.994  25734.5  0  
17.998  25739.4  0  
18.002  25744.4  0  
18.006  25749.3  0  
18.01  25754.3  0  
18.014  25759.3  0  
18.018  25764.2  0  
18.022  25769.2  0  
18.026  25774.1  0  
18.03  25779.1  0  
18.034  25784  0  
18.038  25789  0  
18.042  25793.9  0  
18.046  25798.9  0  
18.05  25803.8  0  
18.054  25808.8  0  
18.058  25813.7  0  
18.062  25818.6  0  
18.066  25823.6  0  
18.07  25828.5  0  
18.074  25833.4  0  
18.078  25838.4  0  
18.082  25843.3  0  
18.086  25848.2  0  
18.09  25853.1  0  
18.094  25858.1  0  
18.098  25863  0  
18.102  25867.9  0  
18.106  25872.8  0  
18.11  25877.7  0  
18.114  25882.6  0  
18.118  25887.6  0  
18.122  25892.5  0  
18.126  25897.4  0  
18.13  25902.3  0  
18.134  25907.2  0  
18.138  25912.1  0  
18.142  25917  0  
18.146  25921.9  0  
18.15  25926.7  0  
18.154  25931.6  0  
18.158  25936.5  0  
18.162  25941.4  0  
18.166  25946.3  0  
18.17  25951.2  0  
18.174  25956  0  
18.178  25960.9  0  
18.182  25965.8  0  
18.186  25970.6  0  
18.19  25975.5  0  
18.194  25980.4  0  
18.198  25985.2  0  
18.202  25990.1  0  
18.206  25994.9  0  
18.21  25999.8  0  
18.214  26004.6  0  
18.218  26009.5  0  
18.222  26014.3  0  
18.226  26019.1  0  
18.23  26024  0  
18.234  26028.8  0  
18.238  26033.6  0  
18.242  26038.5  0  
18.246  26043.3  0  
18.25  26048.1  0  
18.254  26052.9  0  
18.258  26057.7  0  
18.262  26062.5  0  
18.266  26067.3  0  
18.27  26072.1  0  
18.274  26076.9  0  
18.278  26081.7  0  
18.282  26086.5  0  
18.286  26091.3  0  
18.29  26096.1  0  
18.294  26100.9  0  
18.298  26105.6  0  
18.302  26110.4  0  
18.306  26115.2  0  
18.31  26120  0  
18.314  26124.7  0  
18.318  26129.5  0  
18.322  26134.2  0  
18.326  26139  0  
18.33  26143.7  0  
18.334  26148.5  0  
18.338  26153.2  0  
18.342  26158  0  
18.346  26162.7  0  
18.35  26167.4  0  
18.354  26172.1  0  
18.358  26176.9  0  
18.362  26181.6  0  
18.366  26186.3  0  
18.37  26191  0  
18.374  26195.7  0  
18.378  26200.4  0  
18.382  26205.1  0  
18.386  26209.8  0  
18.39  26214.5  0  
18.394  26219.2  0  
18.398  26223.8  0  
18.402  26228.5  0  
18.406  26233.2  0  
18.41  26237.9  0  
18.414  26242.5  0  
18.418  26247.2  0  
18.422  26251.8  0  
18.426  26256.5  0  
18.43  26261.1  0  
18.434  26265.8  0  
18.438  26270.4  0  
18.442  26275  0  
18.446  26279.7  0  
18.45  26284.3  0  
18.454  26288.9  0  
18.458  26293.5  0  
18.462  26298.1  0  
18.466  26302.7  0  
18.47  26307.3  0  
18.474  26311.9  0  
18.478  26316.5  0  
18.482  26321.1  0  
18.486  26325.7  0  
18.49  26330.3  0  
18.494  26334.9  0  
18.498  26339.4  0  
18.502  26344  0  
18.506  26348.5  0  
18.51  26353.1  0  
18.514  26357.7  0  
18.518  26362.2  0  
18.522  26366.7  0  
18.526  26371.3  0  
18.53  26375.8  0  
18.534  26380.3  0  
18.538  26384.8  0  
18.542  26389.4  0  
18.546  26393.9  0  
18.55  26398.4  0  
18.554  26402.9  0  
18.558  26407.4  0  
18.562  26411.9  0  
18.566  26416.4  0  
18.57  26420.8  0  
18.574  26425.3  0  
18.578  26429.8  0  
18.582  26434.2  0  
18.586  26438.7  0  
18.59  26443.2  0  
18.594  26447.6  0  
18.598  26452.1  0  
18.602  26456.5  0  
18.606  26460.9  0  
18.61  26465.4  0  
18.614  26469.8  0  
18.618  26474.2  0  
18.622  26478.6  0  
18.626  26483  0  
18.63  26487.4  0  
18.634  26491.8  0  
18.638  26496.2  0  
18.642  26500.6  0  
18.646  26505  0  
18.65  26509.4  0  
18.654  26513.7  0  
18.658  26518.1  0  
18.662  26522.5  0  
18.666  26526.8  0  
18.67  26531.2  0  
18.674  26535.5  0  
18.678  26539.8  0  
18.682  26544.2  0  
18.686  26548.5  0  
18.69  26552.8  0  
18.694  26557.1  0  
18.698  26561.4  0  
18.702  26565.7  0  
18.706  26570  0  
18.71  26574.3  0  
18.714  26578.6  0  
18.718  26582.9  0  
18.722  26587.2  0  
18.726  26591.4  0  
18.73  26595.7  0  
18.734  26600  0  
18.738  26604.2  0  
18.742  26608.5  0  
18.746  26612.7  0  
18.75  26616.9  0  
18.754  26621.2  0  
18.758  26625.4  0  
18.762  26629.6  0  
18.766  26633.8  0  
18.77  26638  0  
18.774  26642.2  0  
18.778  26646.4  0  
18.782  26650.6  0  
18.786  26654.8  0  
18.79  26659  0  
18.794  26663.1  0  
18.798  26667.3  0  
18.802  26671.5  0  
18.806  26675.6  0  
18.81  26679.8  0  
18.814  26683.9  0  
18.818  26688  0  
18.822  26692.2  0  
18.826  26696.3  0  
18.83  26700.4  0  
18.834  26704.5  0  
18.838  26708.6  0  
18.842  26712.7  0  
18.846  26716.8  0  
18.85  26720.9  0  
18.854  26725  0  
18.858  26729  0  
18.862  26733.1  0  
18.866  26737.2  0  
18.87  26741.2  0  
18.874  26745.3  0  
18.878  26749.3  0  
18.882  26753.3  0  
18.886  26757.4  0  
18.89  26761.4  0  
18.894  26765.4  0  
18.898  26769.4  0  
18.902  26773.4  0  
18.906  26777.4  0  
18.91  26781.4  0  
18.914  26785.4  0  
18.918  26789.4  0  
18.922  26793.4  0  
18.926  26797.3  0  
18.93  26801.3  0  
18.934  26805.2  0  
18.938  26809.2  0  
18.942  26813.1  0  
18.946  26817  0  
18.95  26821  0  
18.954  26824.9  0  
18.958  26828.8  0  
18.962  26832.7  0  
18.966  26836.6  0  
18.97  26840.5  0  
18.974  26844.4  0  
18.978  26848.3  0  
18.982  26852.2  0  
18.986  26856  0  
18.99  26859.9  0  
18.994  26863.7  0  
18.998  26867.6  0  
19.002  26871.4  0  
19.006  26875.3  0  
19.01  26879.1  0  
19.014  26882.9  0  
19.018  26886.7  0  
19.022  26890.5  0  
19.026  26894.3  0  
19.03  26898.1  0  
19.034  26901.9  0  
19.038  26905.7  0  
19.042  26909.5  0  
19.046  26913.3  0  
19.05  26917  0  
19.054  26920.8  0  
19.058  26924.5  0  
19.062  26928.3  0  
19.066  26932  0  
19.07  26935.7  0  
19.074  26939.4  0  
19.078  26943.2  0  
19.082  26946.9  0  
19.086  26950.6  0  
19.09  26954.3  0  
19.094  26957.9  0  
19.098  26961.6  0  
19.102  26965.3  0  
19.106  26969  0  
19.11  26972.6  0  
19.114  26976.3  0  
19.118  26979.9  0  
19.122  26983.6  0  
19.126  26987.2  0  
19.13  26990.8  0  
19.134  26994.4  0  
19.138  26998  0  
19.142  27001.7  0  
19.146  27005.2  0  
19.15  27008.8  0  
19.154  27012.4  0  
19.158  27016  0  
19.162  27019.6  0  
19.166  27023.1  0  
19.17  27026.7  0  
19.174  27030.2  0  
19.178  27033.8  0  
19.182  27037.3  0  
19.186  27040.8  0  
19.19  27044.4  0  
19.194  27047.9  0  
19.198  27051.4  0  
19.202  27054.9  0  
19.206  27058.4  0  
19.21  27061.9  0  
19.214  27065.3  0  
19.218  27068.8  0  
19.222  27072.3  0  
19.226  27075.7  0  
19.23  27079.2  0  
19.234  27082.6  0  
19.238  27086.1  0  
19.242  27089.5  0  
19.246  27092.9  0  
19.25  27096.3  0  
19.254  27099.7  0  
19.258  27103.1  0  
19.262  27106.5  0  
19.266  27109.9  0  
19.27  27113.3  0  
19.274  27116.6  0  
19.278  27120  0  
19.282  27123.4  0  
19.286  27126.7  0  
19.29  27130.1  0  
19.294  27133.4  0  
19.298  27136.7  0  
19.302  27140  0  
19.306  27143.4  0  
19.31  27146.7  0  
19.314  27150  0  
19.318  27153.3  0  
19.322  27156.5  0  
19.326  27159.8  0  
19.33  27163.1  0  
19.334  27166.3  0  
19.338  27169.6  0  
19.342  27172.8  0  
19.346  27176.1  0  
19.35  27179.3  0  
19.354  27182.5  0  
19.358  27185.8  0  
19.362  27189  0  
19.366  27192.2  0  
19.37  27195.4  0  
19.374  27198.6  0  
19.378  27201.7  0  
19.382  27204.9  0  
19.386  27208.1  0  
19.39  27211.2  0  
19.394  27214.4  0  
19.398  27217.5  0  
19.402  27220.7  0  
19.406  27223.8  0  
19.41  27226.9  0  
19.414  27230.1  0  
19.418  27233.2  0  
19.422  27236.3  0  
19.426  27239.4  0  
19.43  27242.4  0  
19.434  27245.5  0  
19.438  27248.6  0  
19.442  27251.7  0  
19.446  27254.7  0  
19.45  27257.8  0  
19.454  27260.8  0  
19.458  27263.8  0  
19.462  27266.9  0  
19.466  27269.9  0  
19.47  27272.9  0  
19.474  27275.9  0  
19.478  27278.9  0  
19.482  27281.9  0  
19.486  27284.9  0  
19.49  27287.8  0  
19.494  27290.8  0  
19.498  27293.8  0  
19.502  27296.7  0  
19.506  27299.7  0  
19.51  27302.6  0  
19.514  27305.5  0  
19.518  27308.5  0  
19.522  27311.4  0  
19.526  27314.3  0  
19.53  27317.2  0  
19.534  27320.1  0  
19.538  27323  0  
19.542  27325.8  0  
19.546  27328.7  0  
19.55  27331.6  0  
19.554  27334.4  0  
19.558  27337.3  0  
19.562  27340.1  0  
19.566  27342.9  0  
19.57  27345.8  0  
19.574  27348.6  0  
19.578  27351.4  0  
19.582  27354.2  0  
19.586  27357  0  
19.59  27359.8  0  
19.594  27362.5  0  
19.598  27365.3  0  
19.602  27368.1  0  
19.606  27370.8  0  
19.61  27373.6  0  
19.614  27376.3  0  
19.618  27379.1  0  
19.622  27381.8  0  
19.626  27384.5  0  
19.63  27387.2  0  
19.634  27389.9  0  
19.638  27392.6  0  
19.642  27395.3  0  
19.646  27398  0  
19.65  27400.7  0  
19.654  27403.3  0  
19.658  27406  0  
19.662  27408.6  0  
19.666  27411.3  0  
19.67  27413.9  0  
19.674  27416.5  0  
19.678  27419.2  0  
19.682  27421.8  0  
19.686  27424.4  0  
19.69  27427  0  
19.694  27429.6  0  
19.698  27432.1  0  
19.702  27434.7  0  
19.706  27437.3  0  
19.71  27439.8  0  
19.714  27442.4  0  
19.718  27444.9  0  
19.722  27447.5  0  
19.726  27450  0  
19.73  27452.5  0  
19.734  27455  0  
19.738  27457.5  0  
19.742  27460  0  
19.746  27462.5  0  
19.75  27465  0  
19.754  27467.5  0  
19.758  27469.9  0  
19.762  27472.4  0  
19.766  27474.9  0  
19.77  27477.3  0  
19.774  27479.7  0  
19.778  27482.2  0  
19.782  27484.6  0  
19.786  27487  0  
19.79  27489.4  0  
19.794  27491.8  0  
19.798  27494.2  0  
19.802  27496.6  0  
19.806  27499  0  
19.81  27501.3  0  
19.814  27503.7  0  
19.818  27506  0  
19.822  27508.4  0  
19.826  27510.7  0  
19.83  27513  0  
19.834  27515.4  0  
19.838  27517.7  0  
19.842  27520  0  
19.846  27522.3  0  
19.85  27524.6  0  
19.854  27526.9  0  
19.858  27529.1  0  
19.862  27531.4  0  
19.866  27533.7  0  
19.87  27535.9  0  
19.874  27538.2  0  
19.878  27540.4  0  
19.882  27542.6  0  
19.886  27544.8  0  
19.89  27547.1  0  
19.894  27549.3  0  
19.898  27551.5  0  
19.902  27553.7  0  
19.906  27555.8  0  
19.91  27558  0  
19.914  27560.2  0  
19.918  27562.3  0  
19.922  27564.5  0  
19.926  27566.6  0  
19.93  27568.8  0  
19.934  27570.9  0  
19.938  27573  0  
19.942  27575.1  0  
19.946  27577.2  0  
19.95  27579.3  0  
19.954  27581.4  0  
19.958  27583.5  0  
19.962  27585.6  0  
19.966  27587.7  0  
19.97  27589.7  0  
19.974  27591.8  0  
19.978  27593.8  0  
19.982  27595.9  0  
19.986  27597.9  0  
19.99  27599.9  0  
19.994  27601.9  0  
19.998  27603.9  0  
